.	0	3	15	28	34	
.	0	50	37152	74367	1000000	
.	1	3	15	28	34	
.	1	53	30358	66013	1000000	
.	2	3	15	28	34	
.	2	61	28829	60331	1000000	
.	3	3	15	28	34	
.	3	73	27666	64707	1000000	
.	4	3	15	28	34	
.	4	335	27368	55943	1000000	
.	5	3	15	23	28	34	38	
.	5	259	28125	28132	68449	157812	1000000	
.	6	3	15	23	28	34	38	
.	6	131	26931	26945	58744	125467	1000000	
.	7	3	15	23	28	34	38	
.	7	151	25867	25890	54659	112449	1000000	
.	8	3	15	23	28	34	38	
.	8	165	24401	24440	50770	104281	1000000	
.	9	3	15	23	28	34	38	
.	9	193	23814	23886	49731	100624	1000000	
.	10	3	15	23	28	34	38	
.	10	218	24027	24132	51201	99666	1000000	
.	11	3	15	23	28	34	38	
.	11	247	23756	23881	51758	99967	1000000	
.	12	3	15	23	28	34	38	
.	12	259	24424	24581	52243	100422	1000000	
.	13	3	15	23	28	34	38	
.	13	282	24017	24230	52448	100989	1000000	
.	14	3	15	23	28	34	38	
.	14	316	25069	25370	54069	103332	1000000	
.	15	3	15	23	28	34	38	
.	15	345	24606	24970	53149	101967	1000000	
.	16	3	15	23	28	34	38	
.	16	379	24640	25066	53465	102450	1000000	
.	17	3	15	23	28	34	38	
.	17	415	24776	25251	53867	103101	1000000	
.	18	3	15	23	28	34	38	
.	18	451	24984	25557	54505	103951	1000000	
.	19	3	15	23	28	34	38	
.	19	497	26052	26694	55352	105391	1000000	
.	20	3	15	23	28	34	38	
.	20	574	26134	26904	55962	106322	1000000	
.	21	3	15	23	28	34	38	
.	21	641	26013	26817	55998	105712	1000000	
.	22	3	15	23	28	34	38	
.	22	731	25948	26844	55852	106308	1000000	
.	23	3	15	23	28	34	38	
.	23	832	26576	27443	56511	106320	1000000	
.	24	3	15	23	28	34	38	
.	24	956	27186	28113	57415	107892	1000000	
.	25	3	15	23	28	34	38	
.	25	1131	28803	29742	59070	109717	1000000	
.	26	3	15	23	28	34	38	
.	26	1291	30047	31084	61653	112601	1000000	
.	27	3	15	23	28	34	38	
.	27	1471	30772	31869	63203	114385	1000000	
.	28	3	15	23	28	34	38	
.	28	1630	31358	32438	63643	114976	1000000	
.	29	3	15	23	28	34	38	
.	29	1778	31265	32397	64506	116180	1000000	
.	30	3	15	23	28	34	38	
.	30	1945	32359	33556	65324	117168	1000000	
.	31	3	15	23	28	34	38	
.	31	2131	33106	34263	67213	120040	1000000	
.	32	3	15	23	28	34	38	
.	32	2315	32968	34087	66645	118868	1000000	
.	33	3	15	23	28	34	38	
.	33	2509	33692	34861	67669	120773	1000000	
.	34	3	15	23	28	34	38	
.	34	2705	33681	34836	67934	120568	1000000	
.	35	3	15	23	28	34	38	
.	35	2921	35079	36236	70006	123535	1000000	
.	36	3	15	23	28	34	38	
.	36	3127	35812	36976	71240	126645	1000000	
.	37	3	15	23	28	34	38	
.	37	3351	36497	37657	72348	128796	1000000	
.	38	3	15	23	28	34	38	
.	38	3605	39280	40464	76482	134392	1000000	
.	39	3	15	23	28	34	38	
.	39	3826	40578	41849	79095	138252	1000000	
.	40	3	15	23	28	34	38	
.	40	4073	42094	43342	81919	142761	1000000	
.	41	3	15	23	28	34	38	
.	41	4338	43042	44356	83357	145515	1000000	
.	42	3	15	23	28	34	38	
.	42	4574	43267	44561	84214	147341	1000000	
.	43	3	15	23	28	34	38	
.	43	4839	45536	46855	87340	150693	1000000	
.	44	3	15	23	28	34	38	
.	44	5084	46246	47658	89857	155232	1000000	
.	45	3	15	23	28	34	38	
.	45	5338	46022	47443	89159	154080	1000000	
.	46	3	15	23	28	34	38	
.	46	5595	48457	49969	92449	159310	1000000	
.	47	3	15	23	28	34	38	
.	47	5892	48647	50075	93505	160925	1000000	
.	48	3	15	23	28	34	38	
.	48	6191	50631	52084	96195	164540	1000000	
.	49	3	15	23	28	34	38	
.	49	6484	52237	53800	99205	169463	1000000	
.	50	3	15	23	28	34	38	
.	50	6798	53079	54594	100623	170562	1000000	
.	51	3	15	23	28	34	38	
.	51	7105	52498	54165	99854	169469	1000000	
.	52	3	15	23	28	34	38	
.	52	7522	54824	56499	102757	173552	1000000	
.	53	3	15	23	28	34	38	
.	53	7789	55841	57493	104783	176603	1000000	
.	54	3	15	23	28	34	38	
.	54	8144	57776	59511	107464	179837	1000000	
.	55	3	15	23	28	34	38	
.	55	8465	57080	58865	106977	178634	1000000	
.	56	3	15	23	28	34	38	
.	56	8801	58451	60291	108937	182130	1000000	
.	57	3	15	23	28	34	38	
.	57	9163	60257	62161	111669	186153	1000000	
.	58	3	15	23	28	34	38	
.	58	9503	59049	60857	109834	183794	1000000	
.	59	3	15	23	28	34	38	
.	59	9864	60547	62358	111489	185514	1000000	
.	60	3	15	23	28	34	38	
.	60	10278	61896	63807	113389	187593	1000000	
.	61	3	15	23	28	34	38	
.	61	10676	64080	66109	116596	191953	1000000	
.	62	3	15	23	28	34	38	
.	62	11060	65186	67231	119414	195622	1000000	
.	63	3	15	23	28	34	38	
.	63	11464	67922	70039	123288	200475	1000000	
.	64	3	15	23	28	34	38	
.	64	11845	67158	69470	123857	201748	1000000	
.	65	3	15	23	28	34	38	
.	65	12254	64849	67153	119029	195510	1000000	
.	66	3	15	23	28	34	38	
.	66	12672	65929	68244	119490	195434	1000000	
.	67	3	15	23	28	34	38	
.	67	13122	67385	69752	121722	198268	1000000	
.	68	3	15	23	28	34	38	
.	68	13593	66988	69402	120645	196874	1000000	
.	69	3	15	23	28	34	38	
.	69	14084	70455	72897	125268	203465	1000000	
.	70	3	15	23	28	34	38	
.	70	14596	72222	74825	130003	210780	1000000	
.	71	3	15	23	28	34	38	
.	71	15097	72411	75277	129792	209982	1000000	
.	72	3	15	23	28	34	38	
.	72	15635	72803	75759	129955	209764	1000000	
.	73	3	15	23	28	34	38	
.	73	16465	74158	77157	130974	211355	1000000	
.	74	3	15	23	28	34	38	
.	74	16987	76173	79533	134428	215132	1000000	
.	75	3	15	23	28	34	38	
.	75	17496	76856	81070	135928	218085	1000000	
.	76	3	15	23	28	34	38	
.	76	17984	77553	82135	137037	219090	1000000	
.	77	3	15	23	28	34	38	
.	77	18514	79694	84108	139878	223472	1000000	
.	78	3	15	23	28	34	38	
.	78	19069	81382	86172	142276	226393	1000000	
.	79	3	15	23	28	34	38	
.	79	19625	80996	86222	142143	226313	1000000	
.	80	3	15	23	28	34	38	
.	80	20211	84012	89475	146279	232134	1000000	
.	81	3	15	23	28	34	38	
.	81	20752	83145	88886	145193	230787	1000000	
.	82	3	15	23	28	34	38	
.	82	21333	84318	90156	146420	232223	1000000	
.	83	3	15	23	28	34	38	
.	83	21927	86390	92424	149342	236612	1000000	
.	84	3	15	23	28	34	38	
.	84	22569	90422	96896	155781	244696	1000000	
.	85	3	15	23	28	34	38	
.	85	23196	90887	97825	157535	248257	1000000	
.	86	3	15	23	28	34	38	
.	86	23854	88950	96026	154564	244768	1000000	
.	87	3	15	23	28	34	38	
.	87	24518	91390	98744	156431	246182	1000000	
.	88	3	15	23	28	34	38	
.	88	25196	93098	100746	159361	250971	1000000	
.	89	3	15	23	28	34	38	
.	89	25925	95026	103019	163101	255573	1000000	
.	90	3	15	23	28	34	38	
.	90	26647	95777	104456	164737	257428	1000000	
.	91	3	15	23	28	34	38	
.	91	27318	94617	103362	161795	252863	1000000	
.	92	3	15	23	28	34	38	
.	92	28053	96717	105593	163642	255276	1000000	
.	93	3	15	23	28	34	38	
.	93	28888	102097	111877	173289	269484	1000000	
.	94	3	15	23	28	34	38	
.	94	29619	101512	111547	171978	267135	1000000	
.	95	3	15	23	28	34	38	
.	95	30581	105275	116247	177646	274936	1000000	
.	96	3	15	23	28	34	38	
.	96	31367	104945	116644	178717	277914	1000000	
.	97	3	15	23	28	34	38	
.	97	32225	108226	120678	183243	283564	1000000	
.	98	3	15	23	28	34	38	
.	98	33113	111106	123910	186872	288139	1000000	
.	99	3	15	23	28	34	38	
.	99	34000	109740	122966	184888	285410	1000000	
.	100	3	15	23	28	34	38	
.	100	34880	112934	126578	188220	289742	1000000	
.	101	3	15	23	28	34	38	
.	101	35780	111398	125926	187796	289982	1000000	
.	102	3	15	23	28	34	38	
.	102	36693	112590	127232	187340	288813	1000000	
.	103	3	15	23	28	34	38	
.	103	37728	115086	130765	191380	294588	1000000	
.	104	3	15	23	28	34	38	
.	104	38756	118414	134914	196530	302115	1000000	
.	105	3	15	23	28	34	38	
.	105	39835	125499	143257	206867	314305	1000000	
.	106	3	15	23	28	34	38	
.	106	40919	123336	143506	206531	314777	1000000	
.	107	3	15	23	28	34	38	
.	107	41971	124377	143747	205590	314004	1000000	
.	108	3	15	23	28	34	38	
.	108	43125	123341	144788	203569	312111	1000000	
.	109	3	15	23	28	34	38	
.	109	44315	124145	146093	204118	312377	1000000	
.	110	3	15	23	28	34	38	
.	110	45625	129543	154172	211029	320403	1000000	
.	111	3	15	23	28	34	38	
.	111	47004	132262	157129	217073	328918	1000000	
.	112	3	15	23	28	34	38	
.	112	48361	135017	162507	219791	332309	1000000	
.	113	3	15	23	28	34	38	
.	113	49686	136461	164225	223325	337110	1000000	
.	114	3	15	23	28	34	38	
.	114	51129	138225	167432	224408	339167	1000000	
.	115	3	15	23	28	34	38	
.	115	52659	138398	169686	224223	339264	1000000	
.	116	3	15	23	28	34	38	
.	116	54236	136183	167743	221198	358046	1000000	
.	117	3	15	23	28	34	38	
.	117	55881	137887	169273	221186	353228	1000000	
.	118	3	15	23	28	34	38	
.	118	57717	140662	172619	224615	369372	1000000	
.	119	3	15	23	28	34	38	
.	119	59699	146291	179332	231101	369325	1000000	
.	120	3	15	23	28	34	38	
.	120	61792	152543	187614	240925	382908	1000000	
.	121	3	15	23	28	34	38	
.	121	63968	151058	188320	241889	404083	1000000	
.	122	3	15	23	28	34	38	
.	122	66179	151242	187662	239212	396284	1000000	
.	123	3	15	23	28	34	38	
.	123	68748	161538	198713	251510	402964	1000000	
.	124	3	15	23	28	34	38	
.	124	71338	163313	202481	255904	413785	1000000	
.	125	3	15	23	28	34	38	
.	125	74122	167787	208958	262882	423253	1000000	
.	126	3	15	23	28	34	38	
.	126	76959	167382	208935	261524	433803	1000000	
.	127	3	15	23	28	34	38	
.	127	79970	170406	210799	262152	433398	1000000	
.	128	3	15	23	28	34	38	
.	128	83391	175666	217721	269646	443704	1000000	
.	129	3	15	23	28	34	38	
.	129	87157	178240	221171	272970	450276	1000000	
.	130	3	15	23	28	34	38	
.	130	91075	184218	229423	300214	440495	1000000	
.	131	3	15	23	28	34	38	
.	131	94771	183814	225744	286882	442720	1000000	
.	132	3	15	23	28	34	38	
.	132	99208	188148	230052	295759	443555	1000000	
.	133	3	15	23	28	34	38	
.	133	104048	195425	238677	309927	449894	1000000	
.	134	3	15	23	28	34	38	
.	134	108997	201657	245258	312594	463913	1000000	
.	135	3	15	23	28	34	38	
.	135	114518	206787	251961	325013	468622	1000000	
.	136	3	15	23	28	34	38	
.	136	120626	214930	259738	326132	484673	1000000	
.	137	3	15	23	28	34	38	
.	137	127325	225151	273862	341139	504006	1000000	
.	138	3	15	23	28	34	38	
.	138	134495	228017	276755	343775	508379	1000000	
.	139	3	15	23	28	34	38	
.	139	142590	234986	282707	351404	513819	1000000	
.	140	3	15	23	28	34	38	
.	140	151387	244307	291686	364484	521207	1000000	
.	141	3	15	23	28	34	38	
.	141	160912	252395	300003	374826	527355	1000000	
.	142	3	15	23	28	34	38	
.	142	171679	263276	311126	386313	540956	1000000	
.	143	3	15	23	28	34	38	
.	143	183296	268868	316779	390680	546448	1000000	
.	144	3	15	23	28	34	38	
.	144	196700	277764	322291	395057	551807	1000000	
.	145	3	15	23	28	34	38	
.	145	212875	287515	330280	401454	559475	1000000	
.	146	3	15	23	28	34	38	
.	146	231818	294489	331585	399400	557558	1000000	
.	147	3	15	23	28	34	38	
.	147	256022	305912	336860	399423	555541	1000000	
.	148	3	15	23	28	34	38	
.	148	292046	328879	352849	408335	562182	1000000	
.	149	3	15	23	28	34	38	
.	149	350651	365028	380317	420931	571186	1000000	
.	150	3	23	28	34	38	
.	150	515663	579934	657207	800955	1000000	
A	0	3	15	28	34	
A	0	18	8616	17512	269556	
A	1	3	15	28	34	
A	1	14	8942	17848	312140	
A	2	3	15	28	34	
A	2	11	8092	16473	311426	
A	3	3	15	28	34	
A	3	12	7954	18333	310057	
A	4	3	15	28	34	
A	4	24	8367	16742	331175	
A	5	3	15	28	34	38	
A	5	25	9156	21672	50750	340571	
A	6	3	15	23	28	34	38	
A	6	28	8550	8553	17907	38786	309873	
A	7	3	15	23	28	34	38	
A	7	35	8346	8354	17196	35685	320661	
A	8	3	15	23	28	34	38	
A	8	40	7941	7950	16021	32910	322898	
A	9	3	15	23	28	34	38	
A	9	42	7612	7630	15539	31573	324706	
A	10	3	15	23	28	34	38	
A	10	47	7742	7761	16045	31405	324204	
A	11	3	15	23	28	34	38	
A	11	66	7561	7592	16227	31422	325438	
A	12	3	15	23	28	34	38	
A	12	80	7824	7870	16189	31533	322952	
A	13	3	15	23	28	34	38	
A	13	70	7789	7839	16545	32095	324158	
A	14	3	15	23	28	34	38	
A	14	91	8341	8412	17349	33298	323958	
A	15	3	15	23	28	34	38	
A	15	87	7976	8083	16763	32309	321674	
A	16	3	15	23	28	34	38	
A	16	95	7817	7908	16549	32181	321143	
A	17	3	15	23	28	34	38	
A	17	94	7784	7897	16572	32185	321344	
A	18	3	15	23	28	34	38	
A	18	117	7770	7904	16640	32285	320710	
A	19	3	15	23	28	34	38	
A	19	122	8046	8194	16772	32581	321879	
A	20	3	15	23	28	34	38	
A	20	141	8394	8568	17407	33494	323082	
A	21	3	15	23	28	34	38	
A	21	175	8189	8371	17341	32977	321998	
A	22	3	15	23	28	34	38	
A	22	184	8252	8460	17297	33256	322545	
A	23	3	15	23	28	34	38	
A	23	234	8166	8360	17135	32626	321779	
A	24	3	15	23	28	34	38	
A	24	271	8567	8768	17761	33711	320866	
A	25	3	15	23	28	34	38	
A	25	299	9004	9197	18222	34134	320792	
A	26	3	15	23	28	34	38	
A	26	349	9421	9653	18868	35040	319900	
A	27	3	15	23	28	34	38	
A	27	417	9714	9952	19642	35797	320743	
A	28	3	15	23	28	34	38	
A	28	427	9608	9815	19330	35367	320547	
A	29	3	15	23	28	34	38	
A	29	469	9589	9847	19694	36393	320802	
A	30	3	15	23	28	34	38	
A	30	519	10047	10319	19971	36217	319222	
A	31	3	15	23	28	34	38	
A	31	599	10492	10778	20990	37902	321177	
A	32	3	15	23	28	34	38	
A	32	660	9942	10210	20056	36360	319526	
A	33	3	15	23	28	34	38	
A	33	670	10751	11029	21374	38367	319404	
A	34	3	15	23	28	34	38	
A	34	711	10414	10673	20811	37387	320657	
A	35	3	15	23	28	34	38	
A	35	873	11051	11300	21739	38895	320414	
A	36	3	15	23	28	34	38	
A	36	832	11211	11462	22106	39507	317783	
A	37	3	15	23	28	34	38	
A	37	967	11539	11779	22735	40929	320119	
A	38	3	15	23	28	34	38	
A	38	1017	12239	12502	23552	42071	320137	
A	39	3	15	23	28	34	38	
A	39	1064	12792	13084	24709	43431	318753	
A	40	3	15	23	28	34	38	
A	40	1140	13127	13380	25357	44744	319550	
A	41	3	15	23	28	34	38	
A	41	1220	13584	13879	25992	45956	319484	
A	42	3	15	23	28	34	38	
A	42	1346	13740	14042	26524	46687	319714	
A	43	3	15	23	28	34	38	
A	43	1385	14351	14637	27480	47535	319906	
A	44	3	15	23	28	34	38	
A	44	1449	14237	14541	27495	48082	319129	
A	45	3	15	23	28	34	38	
A	45	1524	14583	14917	27911	48431	319210	
A	46	3	15	23	28	34	38	
A	46	1643	15264	15600	28830	49993	320486	
A	47	3	15	23	28	34	38	
A	47	1706	15325	15650	29086	50658	319850	
A	48	3	15	23	28	34	38	
A	48	1844	16091	16420	30363	51973	319248	
A	49	3	15	23	28	34	38	
A	49	1876	16480	16829	31153	53567	318880	
A	50	3	15	23	28	34	38	
A	50	1987	16692	17057	31376	53563	318739	
A	51	3	15	23	28	34	38	
A	51	2134	17003	17396	31977	54615	318379	
A	52	3	15	23	28	34	38	
A	52	2277	17789	18148	32904	55886	318576	
A	53	3	15	23	28	34	38	
A	53	2378	17617	17991	32668	55456	318219	
A	54	3	15	23	28	34	38	
A	54	2459	18444	18826	33796	56962	318610	
A	55	3	15	23	28	34	38	
A	55	2486	18115	18528	33688	56603	320293	
A	56	3	15	23	28	34	38	
A	56	2647	18467	18865	34310	57645	319467	
A	57	3	15	23	28	34	38	
A	57	2739	19232	19692	35622	59720	318001	
A	58	3	15	23	28	34	38	
A	58	2835	19000	19418	34896	58740	319210	
A	59	3	15	23	28	34	38	
A	59	2932	19081	19515	34982	58499	318013	
A	60	3	15	23	28	34	38	
A	60	3049	19272	19679	35265	58819	316606	
A	61	3	15	23	28	34	38	
A	61	3160	19894	20359	36128	60147	318170	
A	62	3	15	23	28	34	38	
A	62	3321	20417	20883	37265	61436	317359	
A	63	3	15	23	28	34	38	
A	63	3442	21741	22232	39034	63985	318759	
A	64	3	15	23	28	34	38	
A	64	3596	21233	21795	39027	63931	318123	
A	65	3	15	23	28	34	38	
A	65	3748	20755	21283	37569	61816	318429	
A	66	3	15	23	28	34	38	
A	66	3772	21134	21698	38054	62315	318427	
A	67	3	15	23	28	34	38	
A	67	3946	21708	22262	38648	63140	319233	
A	68	3	15	23	28	34	38	
A	68	4068	21189	21750	38014	62177	318106	
A	69	3	15	23	28	34	38	
A	69	4216	22494	23093	39531	64776	317587	
A	70	3	15	23	28	34	38	
A	70	4407	23233	23881	41735	67803	319037	
A	71	3	15	23	28	34	38	
A	71	4590	23197	23922	41288	67182	319233	
A	72	3	15	23	28	34	38	
A	72	4815	22972	23694	40911	66161	318061	
A	73	3	15	23	28	34	38	
A	73	5292	23787	24556	41440	67043	318217	
A	74	3	15	23	28	34	38	
A	74	5395	24757	25544	42890	68704	317750	
A	75	3	15	23	28	34	38	
A	75	5494	24441	25508	42884	69064	317273	
A	76	3	15	23	28	34	38	
A	76	5640	24411	25541	42934	68813	318650	
A	77	3	15	23	28	34	38	
A	77	5790	25766	26855	44450	71445	318554	
A	78	3	15	23	28	34	38	
A	78	5930	25477	26676	44520	71192	317722	
A	79	3	15	23	28	34	38	
A	79	5983	25428	26766	44500	71196	317760	
A	80	3	15	23	28	34	38	
A	80	6012	26701	28028	46110	73525	317057	
A	81	3	15	23	28	34	38	
A	81	6289	25764	27233	44940	72163	317986	
A	82	3	15	23	28	34	38	
A	82	6406	26525	28050	45984	73691	318641	
A	83	3	15	23	28	34	38	
A	83	6583	27115	28625	46780	74679	317483	
A	84	3	15	23	28	34	38	
A	84	6704	28449	30124	48981	77238	316291	
A	85	3	15	23	28	34	38	
A	85	6913	28769	30633	49625	78271	316915	
A	86	3	15	23	28	34	38	
A	86	7215	28480	30301	49046	77546	318182	
A	87	3	15	23	28	34	38	
A	87	7276	28659	30561	48786	77246	316522	
A	88	3	15	23	28	34	38	
A	88	7491	29434	31446	50324	79432	317742	
A	89	3	15	23	28	34	38	
A	89	7743	30015	32136	51345	80812	317351	
A	90	3	15	23	28	34	38	
A	90	7873	29989	32366	51695	80916	316746	
A	91	3	15	23	28	34	38	
A	91	8148	29134	31436	49761	78269	317823	
A	92	3	15	23	28	34	38	
A	92	8230	30297	32666	51091	80312	316836	
A	93	3	15	23	28	34	38	
A	93	8576	31746	34373	54030	84275	316300	
A	94	3	15	23	28	34	38	
A	94	8832	31686	34402	53570	83699	316314	
A	95	3	15	23	28	34	38	
A	95	9061	32582	35536	55240	86337	316943	
A	96	3	15	23	28	34	38	
A	96	9269	33181	36386	56521	88066	316438	
A	97	3	15	23	28	34	38	
A	97	9327	34074	37593	57896	90225	316917	
A	98	3	15	23	28	34	38	
A	98	9870	34262	37725	57524	89240	316247	
A	99	3	15	23	28	34	38	
A	99	10143	34287	38058	57648	88987	315927	
A	100	3	15	23	28	34	38	
A	100	10416	35263	39150	58884	90783	317218	
A	101	3	15	23	28	34	38	
A	101	10631	34531	38735	58333	90644	316058	
A	102	3	15	23	28	34	38	
A	102	11222	35340	39491	58545	90654	317080	
A	103	3	15	23	28	34	38	
A	103	11370	36318	40886	60453	93428	318818	
A	104	3	15	23	28	34	38	
A	104	11776	37270	42175	61862	95563	316870	
A	105	3	15	23	28	34	38	
A	105	12198	39363	44589	64714	98666	316910	
A	106	3	15	23	28	34	38	
A	106	12518	39353	45259	65675	100080	316968	
A	107	3	15	23	28	34	38	
A	107	12706	39028	44742	64562	99051	317358	
A	108	3	15	23	28	34	38	
A	108	13185	38904	45318	64247	98844	317169	
A	109	3	15	23	28	34	38	
A	109	13392	39149	45723	64312	98739	316863	
A	110	3	15	23	28	34	38	
A	110	13847	40576	48031	66099	100926	317534	
A	111	3	15	23	28	34	38	
A	111	14293	41888	49456	68610	104000	316031	
A	112	3	15	23	28	34	38	
A	112	14695	42290	50658	68791	104569	316919	
A	113	3	15	23	28	34	38	
A	113	15108	42814	51229	69905	105722	316185	
A	114	3	15	23	28	34	38	
A	114	15755	43626	52535	70496	106843	317548	
A	115	3	15	23	28	34	38	
A	115	15975	43377	53073	70629	106936	316701	
A	116	3	15	23	28	34	38	
A	116	16457	42437	52269	69013	112513	317627	
A	117	3	15	23	28	34	38	
A	117	17108	42896	52628	68605	110310	315762	
A	118	3	15	23	28	34	38	
A	118	17534	43940	53889	70333	116788	318267	
A	119	3	15	23	28	34	38	
A	119	18186	45839	56189	72523	116783	317098	
A	120	3	15	23	28	34	38	
A	120	19050	48042	58864	75605	121127	317565	
A	121	3	15	23	28	34	38	
A	121	19489	47754	59574	76340	128581	317831	
A	122	3	15	23	28	34	38	
A	122	20195	47171	58665	74658	124615	316981	
A	123	3	15	23	28	34	38	
A	123	21049	50942	62657	79073	127808	316963	
A	124	3	15	23	28	34	38	
A	124	21930	50990	63358	80079	130696	318463	
A	125	3	15	23	28	34	38	
A	125	22740	52651	65630	82487	133913	317504	
A	126	3	15	23	28	34	38	
A	126	23483	52566	65690	81861	137386	317094	
A	127	3	15	23	28	34	38	
A	127	24490	53290	65908	81792	136494	316881	
A	128	3	15	23	28	34	38	
A	128	25357	55308	68621	84716	140532	316610	
A	129	3	15	23	28	34	38	
A	129	26456	55369	69078	85016	141737	316930	
A	130	3	15	23	28	34	38	
A	130	27869	57870	72310	94891	139306	317418	
A	131	3	15	23	28	34	38	
A	131	29008	57521	70842	90218	139555	316590	
A	132	3	15	23	28	34	38	
A	132	30212	58860	72057	93028	139633	315723	
A	133	3	15	23	28	34	38	
A	133	31865	61343	75161	98119	142092	316318	
A	134	3	15	23	28	34	38	
A	134	33286	62861	76732	98324	146511	317156	
A	135	3	15	23	28	34	38	
A	135	35117	65096	79586	103236	148374	316436	
A	136	3	15	23	28	34	38	
A	136	36967	68300	82658	104194	154804	318106	
A	137	3	15	23	28	34	38	
A	137	39334	71173	86938	108605	160053	316991	
A	138	3	15	23	28	34	38	
A	138	41058	71404	87098	108531	160546	315440	
A	139	3	15	23	28	34	38	
A	139	43747	73586	88996	111119	162307	316566	
A	140	3	15	23	28	34	38	
A	140	46407	76305	91374	114847	163965	316035	
A	141	3	15	23	28	34	38	
A	141	49539	78784	94060	117874	165875	316011	
A	142	3	15	23	28	34	38	
A	142	53098	83509	98773	123274	172089	316880	
A	143	3	15	23	28	34	38	
A	143	56630	84694	100133	124085	173000	316693	
A	144	3	15	23	28	34	38	
A	144	60495	87039	101397	124832	174437	316135	
A	145	3	15	23	28	34	38	
A	145	65574	90263	104088	127138	177021	316827	
A	146	3	15	23	28	34	38	
A	146	71838	92777	104709	126583	176183	316286	
A	147	3	15	23	28	34	38	
A	147	79591	96267	106162	126480	175343	315477	
A	148	3	15	23	28	34	38	
A	148	90737	103523	111341	129407	177938	315880	
A	149	3	15	23	28	34	38	
A	149	109159	114519	119617	133686	181018	315800	
A	150	3	23	28	34	38	
A	150	159929	181473	204968	249123	311955	
T	0	3	15	28	34	
T	0	23	8192	16770	238691	
T	1	3	15	28	34	
T	1	27	8207	21744	353276	
T	2	3	15	28	34	
T	2	32	8583	19798	353719	
T	3	3	15	28	34	
T	3	42	7453	19126	324968	
T	4	3	15	28	34	
T	4	39	6806	15359	306048	
T	5	3	15	28	34	38	
T	5	45	6792	17937	44936	301581	
T	6	3	15	23	28	34	38	
T	6	51	7099	7103	16558	36384	322504	
T	7	3	15	23	28	34	38	
T	7	47	6578	6585	14663	31249	311957	
T	8	3	15	23	28	34	38	
T	8	53	6493	6509	13981	29796	315288	
T	9	3	15	23	28	34	38	
T	9	63	6350	6368	13937	28883	314097	
T	10	3	15	23	28	34	38	
T	10	79	6288	6318	14316	28090	313469	
T	11	3	15	23	28	34	38	
T	11	86	6337	6368	14510	28296	313341	
T	12	3	15	23	28	34	38	
T	12	80	6518	6551	14880	28591	314925	
T	13	3	15	23	28	34	38	
T	13	101	6394	6447	14974	28862	313042	
T	14	3	15	23	28	34	38	
T	14	102	6723	6803	15502	29763	315143	
T	15	3	15	23	28	34	38	
T	15	125	6485	6580	14933	28889	314135	
T	16	3	15	23	28	34	38	
T	16	138	6744	6861	15656	29680	315608	
T	17	3	15	23	28	34	38	
T	17	148	6853	6972	15959	30233	317268	
T	18	3	15	23	28	34	38	
T	18	144	6749	6886	15755	30067	314679	
T	19	3	15	23	28	34	38	
T	19	195	7469	7618	16630	31266	316838	
T	20	3	15	23	28	34	38	
T	20	193	7287	7474	16649	31478	315533	
T	21	3	15	23	28	34	38	
T	21	241	7422	7629	16895	31376	312693	
T	22	3	15	23	28	34	38	
T	22	285	7349	7572	16868	31803	313617	
T	23	3	15	23	28	34	38	
T	23	314	7822	8037	17421	32293	315388	
T	24	3	15	23	28	34	38	
T	24	358	7714	7932	17163	31937	314259	
T	25	3	15	23	28	34	38	
T	25	447	8213	8431	17771	32733	314303	
T	26	3	15	23	28	34	38	
T	26	492	8691	8934	18723	33809	316308	
T	27	3	15	23	28	34	38	
T	27	566	8845	9112	19086	34454	315902	
T	28	3	15	23	28	34	38	
T	28	640	9004	9270	19143	34315	316344	
T	29	3	15	23	28	34	38	
T	29	664	9169	9428	19669	34793	315920	
T	30	3	15	23	28	34	38	
T	30	750	9280	9550	19695	34981	314364	
T	31	3	15	23	28	34	38	
T	31	797	9709	9938	20637	36284	314533	
T	32	3	15	23	28	34	38	
T	32	854	9528	9770	20125	35474	315772	
T	33	3	15	23	28	34	38	
T	33	922	9744	9994	20321	35896	315547	
T	34	3	15	23	28	34	38	
T	34	1049	9496	9736	20180	35558	314352	
T	35	3	15	23	28	34	38	
T	35	1066	10153	10435	21199	37072	315169	
T	36	3	15	23	28	34	38	
T	36	1166	10307	10570	21540	37923	314110	
T	37	3	15	23	28	34	38	
T	37	1251	10148	10391	21006	37239	314159	
T	38	3	15	23	28	34	38	
T	38	1367	11044	11333	22532	39376	314959	
T	39	3	15	23	28	34	38	
T	39	1486	11445	11739	23259	40497	315042	
T	40	3	15	23	28	34	38	
T	40	1622	12249	12526	24815	42676	314916	
T	41	3	15	23	28	34	38	
T	41	1658	11932	12228	24318	42226	315050	
T	42	3	15	23	28	34	38	
T	42	1720	11881	12160	24567	42778	314596	
T	43	3	15	23	28	34	38	
T	43	1907	12693	13018	25498	43817	314436	
T	44	3	15	23	28	34	38	
T	44	2000	13308	13653	27110	46493	315795	
T	45	3	15	23	28	34	38	
T	45	2158	12843	13162	26271	45150	314969	
T	46	3	15	23	28	34	38	
T	46	2219	13446	13825	27069	46720	314764	
T	47	3	15	23	28	34	38	
T	47	2313	13828	14162	27968	47643	316445	
T	48	3	15	23	28	34	38	
T	48	2457	14072	14421	28056	48049	315438	
T	49	3	15	23	28	34	38	
T	49	2616	14562	14929	29064	49317	315736	
T	50	3	15	23	28	34	38	
T	50	2746	14625	14979	29544	50183	316214	
T	51	3	15	23	28	34	38	
T	51	2827	14399	14785	28945	48974	316389	
T	52	3	15	23	28	34	38	
T	52	2966	15040	15457	29733	50203	316349	
T	53	3	15	23	28	34	38	
T	53	3035	15672	16070	30972	52039	316722	
T	54	3	15	23	28	34	38	
T	54	3264	16179	16618	31709	52861	316211	
T	55	3	15	23	28	34	38	
T	55	3451	16183	16626	31752	52714	314451	
T	56	3	15	23	28	34	38	
T	56	3537	16606	17088	32357	54035	316551	
T	57	3	15	23	28	34	38	
T	57	3632	16834	17293	32834	54704	316123	
T	58	3	15	23	28	34	38	
T	58	3811	16729	17185	32602	54146	315897	
T	59	3	15	23	28	34	38	
T	59	3865	17321	17781	33344	55280	317718	
T	60	3	15	23	28	34	38	
T	60	4079	17562	18044	33911	55919	316488	
T	61	3	15	23	28	34	38	
T	61	4174	18151	18651	34716	56896	315579	
T	62	3	15	23	28	34	38	
T	62	4348	18436	18934	35365	57767	316171	
T	63	3	15	23	28	34	38	
T	63	4594	18971	19523	36190	58715	315692	
T	64	3	15	23	28	34	38	
T	64	4668	19410	19987	37341	60454	316224	
T	65	3	15	23	28	34	38	
T	65	4791	18646	19271	35955	58829	317193	
T	66	3	15	23	28	34	38	
T	66	4986	18821	19466	35676	58270	316824	
T	67	3	15	23	28	34	38	
T	67	5064	19094	19745	36230	59047	316798	
T	68	3	15	23	28	34	38	
T	68	5306	19172	19869	36093	58848	317021	
T	69	3	15	23	28	34	38	
T	69	5544	20080	20756	37293	60370	316545	
T	70	3	15	23	28	34	38	
T	70	5607	20545	21279	38585	62539	316581	
T	71	3	15	23	28	34	38	
T	71	5806	20806	21585	38822	62834	316991	
T	72	3	15	23	28	34	38	
T	72	5977	21148	21981	39040	62764	315893	
T	73	3	15	23	28	34	38	
T	73	6172	21266	22155	39247	63322	317102	
T	74	3	15	23	28	34	38	
T	74	6394	21690	22695	40004	64387	317265	
T	75	3	15	23	28	34	38	
T	75	6650	22360	23557	41046	65261	315610	
T	76	3	15	23	28	34	38	
T	76	6719	22317	23704	41059	65594	314531	
T	77	3	15	23	28	34	38	
T	77	6991	22796	24163	41762	66442	317237	
T	78	3	15	23	28	34	38	
T	78	7188	23556	24937	42745	67792	315072	
T	79	3	15	23	28	34	38	
T	79	7450	23590	25095	42928	68312	317125	
T	80	3	15	23	28	34	38	
T	80	7700	24659	26322	44340	70054	316967	
T	81	3	15	23	28	34	38	
T	81	7947	24311	26045	43741	69451	315716	
T	82	3	15	23	28	34	38	
T	82	8153	24686	26451	44326	69894	316786	
T	83	3	15	23	28	34	38	
T	83	8361	25386	27231	45109	71302	317326	
T	84	3	15	23	28	34	38	
T	84	8552	26278	28275	46836	73682	317881	
T	85	3	15	23	28	34	38	
T	85	8875	26683	28880	47834	75521	317611	
T	86	3	15	23	28	34	38	
T	86	9061	25820	27968	46423	73436	316466	
T	87	3	15	23	28	34	38	
T	87	9218	26773	29089	47241	74170	316708	
T	88	3	15	23	28	34	38	
T	88	9470	27414	29872	48450	76024	316839	
T	89	3	15	23	28	34	38	
T	89	9773	28052	30547	49563	77627	318240	
T	90	3	15	23	28	34	38	
T	90	10057	28135	30844	49785	77581	316061	
T	91	3	15	23	28	34	38	
T	91	10341	27969	30769	49377	77013	315955	
T	92	3	15	23	28	34	38	
T	92	10753	28613	31496	49797	77367	317343	
T	93	3	15	23	28	34	38	
T	93	10847	30299	33473	52949	82212	316976	
T	94	3	15	23	28	34	38	
T	94	11261	30606	33870	53117	81921	317359	
T	95	3	15	23	28	34	38	
T	95	11367	31662	35240	54523	84077	318121	
T	96	3	15	23	28	34	38	
T	96	11763	31532	35359	54960	85113	316307	
T	97	3	15	23	28	34	38	
T	97	12425	32022	36032	55443	85533	317280	
T	98	3	15	23	28	34	38	
T	98	12386	33652	37852	58130	89065	318789	
T	99	3	15	23	28	34	38	
T	99	12739	33038	37209	56960	87492	316735	
T	100	3	15	23	28	34	38	
T	100	13179	33874	38333	57626	88672	317531	
T	101	3	15	23	28	34	38	
T	101	13352	34100	38808	58481	89585	318169	
T	102	3	15	23	28	34	38	
T	102	13573	33659	38378	57163	87505	316091	
T	103	3	15	23	28	34	38	
T	103	13977	34561	39589	58579	89757	316385	
T	104	3	15	23	28	34	38	
T	104	14358	35645	41043	60422	92320	318161	
T	105	3	15	23	28	34	38	
T	105	14712	37712	43488	63450	96234	316423	
T	106	3	15	23	28	34	38	
T	106	15078	36879	43397	63185	96088	316653	
T	107	3	15	23	28	34	38	
T	107	15464	37500	43647	63028	96040	316816	
T	108	3	15	23	28	34	38	
T	108	15820	37082	44040	62373	95501	317073	
T	109	3	15	23	28	34	38	
T	109	16195	37040	44253	62031	94911	316308	
T	110	3	15	23	28	34	38	
T	110	16575	38965	47129	64508	97481	316793	
T	111	3	15	23	28	34	38	
T	111	17018	39627	47734	66134	100345	316133	
T	112	3	15	23	28	34	38	
T	112	17618	40707	49780	67352	101369	317266	
T	113	3	15	23	28	34	38	
T	113	18099	41127	50451	68575	103530	318041	
T	114	3	15	23	28	34	38	
T	114	18433	41785	51419	68804	103792	315387	
T	115	3	15	23	28	34	38	
T	115	19016	42170	52580	69270	104521	317392	
T	116	3	15	23	28	34	38	
T	116	19546	41532	51853	67960	110522	317304	
T	117	3	15	23	28	34	38	
T	117	20036	41867	52291	67839	108664	317048	
T	118	3	15	23	28	34	38	
T	118	20755	43013	53471	68747	113899	316722	
T	119	3	15	23	28	34	38	
T	119	21348	44613	55533	70988	113683	316197	
T	120	3	15	23	28	34	38	
T	120	21866	46088	57789	73705	117235	315017	
T	121	3	15	23	28	34	38	
T	121	22679	45684	57754	74010	124615	315941	
T	122	3	15	23	28	34	38	
T	122	23535	46467	58627	74115	123397	317616	
T	123	3	15	23	28	34	38	
T	123	24266	49315	61723	77379	124599	315925	
T	124	3	15	23	28	34	38	
T	124	25136	50292	63309	79295	128571	315743	
T	125	3	15	23	28	34	38	
T	125	26127	51230	64769	80753	130918	316840	
T	126	3	15	23	28	34	38	
T	126	27029	51448	65272	81105	135200	316569	
T	127	3	15	23	28	34	38	
T	127	27713	52403	65956	81109	135247	317479	
T	128	3	15	23	28	34	38	
T	128	29192	54298	68318	83655	138454	317191	
T	129	3	15	23	28	34	38	
T	129	30155	54868	69307	84727	140775	316561	
T	130	3	15	23	28	34	38	
T	130	30978	55868	71846	91190	136983	316090	
T	131	3	15	23	28	34	38	
T	131	32369	56279	70846	88062	138361	317774	
T	132	3	15	23	28	34	38	
T	132	33684	57580	72288	90436	138411	316815	
T	133	3	15	23	28	34	38	
T	133	35232	60322	75660	95316	141488	317022	
T	134	3	15	23	28	34	38	
T	134	37071	62486	77950	96923	146174	316972	
T	135	3	15	23	28	34	38	
T	135	38612	63565	79484	99563	146786	316941	
T	136	3	15	23	28	34	38	
T	136	40654	65980	81611	99871	151293	316255	
T	137	3	15	23	28	34	38	
T	137	42425	68838	85827	104514	158292	317235	
T	138	3	15	23	28	34	38	
T	138	44330	69956	86972	105563	159176	316290	
T	139	3	15	23	28	34	38	
T	139	47241	72302	89065	107952	160993	316779	
T	140	3	15	23	28	34	38	
T	140	49965	75344	92044	111979	164331	317576	
T	141	3	15	23	28	34	38	
T	141	52356	77666	94549	115252	165793	316379	
T	142	3	15	23	28	34	38	
T	142	55468	80412	97624	118180	169946	316272	
T	143	3	15	23	28	34	38	
T	143	59196	82981	100106	120399	172449	316699	
T	144	3	15	23	28	34	38	
T	144	63358	85568	101539	121305	173293	316021	
T	145	3	15	23	28	34	38	
T	145	67527	88402	103791	123370	176069	316069	
T	146	3	15	23	28	34	38	
T	146	73341	91193	104677	123475	175976	316529	
T	147	3	15	23	28	34	38	
T	147	80747	94588	105670	122759	174920	316800	
T	148	3	15	23	28	34	38	
T	148	91521	101962	110604	126210	177298	316170	
T	149	3	15	23	28	34	38	
T	149	108436	113016	118923	130770	180820	317012	
T	150	3	23	28	34	38	
T	150	161002	182041	202272	251881	323282	
G	0	3	15	28	34	
G	0	2	11467	22783	280151	
G	1	3	15	28	34	
G	1	3	6669	13225	165814	
G	2	3	15	28	34	
G	2	8	5971	11790	165428	
G	3	3	15	28	34	
G	3	13	5919	13412	184959	
G	4	3	15	28	34	
G	4	15	6113	12025	184490	
G	5	3	15	23	28	34	38	
G	5	18	6631	6638	15927	33926	180214	
G	6	3	15	23	28	34	38	
G	6	22	6187	6192	13354	27046	181642	
G	7	3	15	23	28	34	38	
G	7	35	6068	6074	12732	25072	184588	
G	8	3	15	23	28	34	38	
G	8	28	5583	5593	11590	23160	182220	
G	9	3	15	23	28	34	38	
G	9	39	5393	5418	11203	22240	182935	
G	10	3	15	23	28	34	38	
G	10	41	5489	5527	11615	22249	182295	
G	11	3	15	23	28	34	38	
G	11	47	5323	5363	11553	22031	182239	
G	12	3	15	23	28	34	38	
G	12	47	5623	5672	11890	22499	183607	
G	13	3	15	23	28	34	38	
G	13	58	5352	5417	11552	22003	182773	
G	14	3	15	23	28	34	38	
G	14	71	5518	5618	11766	22246	181052	
G	15	3	15	23	28	34	38	
G	15	74	5439	5550	11646	22226	183798	
G	16	3	15	23	28	34	38	
G	16	65	5474	5619	11746	22465	182977	
G	17	3	15	23	28	34	38	
G	17	89	5570	5723	11813	22470	181944	
G	18	3	15	23	28	34	38	
G	18	104	5681	5888	12095	22607	181490	
G	19	3	15	23	28	34	38	
G	19	90	5834	6046	12336	23090	181654	
G	20	3	15	23	28	34	38	
G	20	118	5720	5980	12014	22836	181759	
G	21	3	15	23	28	34	38	
G	21	110	5669	5940	11904	22555	183667	
G	22	3	15	23	28	34	38	
G	22	114	5715	6028	11922	22652	181789	
G	23	3	15	23	28	34	38	
G	23	152	5760	6059	11961	22394	181691	
G	24	3	15	23	28	34	38	
G	24	150	5933	6281	12461	23193	182218	
G	25	3	15	23	28	34	38	
G	25	199	6210	6570	12491	23323	183192	
G	26	3	15	23	28	34	38	
G	26	208	6475	6866	13314	24125	183172	
G	27	3	15	23	28	34	38	
G	27	252	6673	7087	13502	24331	182516	
G	28	3	15	23	28	34	38	
G	28	297	7142	7576	14104	25328	182480	
G	29	3	15	23	28	34	38	
G	29	310	6839	7276	13820	24704	182932	
G	30	3	15	23	28	34	38	
G	30	315	7129	7586	14144	25191	184254	
G	31	3	15	23	28	34	38	
G	31	355	7052	7496	14132	25242	182853	
G	32	3	15	23	28	34	38	
G	32	393	7073	7488	14164	25241	182497	
G	33	3	15	23	28	34	38	
G	33	469	7012	7445	13980	25147	184103	
G	34	3	15	23	28	34	38	
G	34	452	7498	7939	14850	26224	183077	
G	35	3	15	23	28	34	38	
G	35	443	7445	7846	14696	25926	182658	
G	36	3	15	23	28	34	38	
G	36	538	7562	8016	14930	26723	185101	
G	37	3	15	23	28	34	38	
G	37	541	7941	8415	15498	27388	183888	
G	38	3	15	23	28	34	38	
G	38	583	8392	8806	16154	28392	184220	
G	39	3	15	23	28	34	38	
G	39	585	8680	9187	16831	29445	185022	
G	40	3	15	23	28	34	38	
G	40	632	8838	9320	16833	29357	183427	
G	41	3	15	23	28	34	38	
G	41	692	9224	9717	17590	30738	183462	
G	42	3	15	23	28	34	38	
G	42	662	9230	9692	17606	31083	185016	
G	43	3	15	23	28	34	38	
G	43	704	9649	10134	18147	31377	183054	
G	44	3	15	23	28	34	38	
G	44	760	9754	10283	18845	32407	182623	
G	45	3	15	23	28	34	38	
G	45	767	9674	10184	18602	32050	183958	
G	46	3	15	23	28	34	38	
G	46	807	10576	11112	19664	33680	183729	
G	47	3	15	23	28	34	38	
G	47	873	10149	10687	19242	33243	182661	
G	48	3	15	23	28	34	38	
G	48	932	10753	11272	20093	34382	183815	
G	49	3	15	23	28	34	38	
G	49	940	11171	11765	20783	35382	183858	
G	50	3	15	23	28	34	38	
G	50	988	11427	11971	21112	35636	182891	
G	51	3	15	23	28	34	38	
G	51	1026	11101	11671	20630	34859	184307	
G	52	3	15	23	28	34	38	
G	52	1136	11553	12174	21291	35866	184026	
G	53	3	15	23	28	34	38	
G	53	1155	11784	12393	21858	36820	183678	
G	54	3	15	23	28	34	38	
G	54	1114	12097	12714	22185	36937	183437	
G	55	3	15	23	28	34	38	
G	55	1204	11814	12418	21750	36451	182984	
G	56	3	15	23	28	34	38	
G	56	1239	12258	12901	22322	37313	182826	
G	57	3	15	23	28	34	38	
G	57	1313	12692	13367	22855	38026	183567	
G	58	3	15	23	28	34	38	
G	58	1376	11922	12520	21982	37064	183508	
G	59	3	15	23	28	34	38	
G	59	1473	12389	13000	22430	37417	181985	
G	60	3	15	23	28	34	38	
G	60	1482	13234	13903	23580	38869	184117	
G	61	3	15	23	28	34	38	
G	61	1610	13584	14246	24002	39238	183514	
G	62	3	15	23	28	34	38	
G	62	1606	13863	14553	24791	40452	184262	
G	63	3	15	23	28	34	38	
G	63	1610	14246	14943	25384	41068	183741	
G	64	3	15	23	28	34	38	
G	64	1642	13780	14539	25023	40919	183445	
G	65	3	15	23	28	34	38	
G	65	1723	13253	13981	23964	39641	182397	
G	66	3	15	23	28	34	38	
G	66	1870	13536	14242	24035	39433	183054	
G	67	3	15	23	28	34	38	
G	67	1996	13800	14535	24609	40196	182380	
G	68	3	15	23	28	34	38	
G	68	2018	13848	14572	24480	39964	183090	
G	69	3	15	23	28	34	38	
G	69	2038	14316	15048	25251	40977	183501	
G	70	3	15	23	28	34	38	
G	70	2175	14980	15782	26338	42949	183000	
G	71	3	15	23	28	34	38	
G	71	2238	14648	15516	25891	42011	182646	
G	72	3	15	23	28	34	38	
G	72	2298	14987	15853	26426	42802	184328	
G	73	3	15	23	28	34	38	
G	73	2403	15125	15956	26410	42520	182919	
G	74	3	15	23	28	34	38	
G	74	2464	15245	16186	26810	42984	182727	
G	75	3	15	23	28	34	38	
G	75	2571	15367	16570	27146	44081	184399	
G	76	3	15	23	28	34	38	
G	76	2635	15848	17127	27670	44356	183666	
G	77	3	15	23	28	34	38	
G	77	2697	16030	17209	27996	44875	181916	
G	78	3	15	23	28	34	38	
G	78	2866	16886	18227	29085	46302	185085	
G	79	3	15	23	28	34	38	
G	79	2979	16628	18107	28647	45564	183297	
G	80	3	15	23	28	34	38	
G	80	3095	16841	18322	29068	46308	183586	
G	81	3	15	23	28	34	38	
G	81	3143	17189	18699	29493	46829	184069	
G	82	3	15	23	28	34	38	
G	82	3255	17064	18619	29131	46317	183925	
G	83	3	15	23	28	34	38	
G	83	3381	17528	19160	29989	47423	183364	
G	84	3	15	23	28	34	38	
G	84	3523	18420	20080	31352	49426	183286	
G	85	3	15	23	28	34	38	
G	85	3569	18421	20118	31517	49949	183692	
G	86	3	15	23	28	34	38	
G	86	3600	18132	19982	31266	49638	183897	
G	87	3	15	23	28	34	38	
G	87	3854	18550	20347	31445	49475	183699	
G	88	3	15	23	28	34	38	
G	88	3972	18826	20626	31800	50295	183257	
G	89	3	15	23	28	34	38	
G	89	4095	19152	21080	32509	51142	183197	
G	90	3	15	23	28	34	38	
G	90	4200	19641	21636	33177	52053	184382	
G	91	3	15	23	28	34	38	
G	91	4243	19460	21522	32932	51525	184563	
G	92	3	15	23	28	34	38	
G	92	4390	19501	21577	32753	51241	183750	
G	93	3	15	23	28	34	38	
G	93	4550	20964	23253	35037	54632	184845	
G	94	3	15	23	28	34	38	
G	94	4629	20426	22712	34236	53523	183894	
G	95	3	15	23	28	34	38	
G	95	4813	21319	23754	35711	55044	183117	
G	96	3	15	23	28	34	38	
G	96	4873	20527	23061	34649	54262	183988	
G	97	3	15	23	28	34	38	
G	97	5037	21965	24675	36622	56690	183670	
G	98	3	15	23	28	34	38	
G	98	5297	22480	25332	37433	58020	183231	
G	99	3	15	23	28	34	38	
G	99	5431	22099	24946	36883	57573	183944	
G	100	3	15	23	28	34	38	
G	100	5421	22920	25853	37930	58332	183333	
G	101	3	15	23	28	34	38	
G	101	5598	22073	25077	36871	57300	183205	
G	102	3	15	23	28	34	38	
G	102	5694	22203	25254	36911	57467	184340	
G	103	3	15	23	28	34	38	
G	103	5998	22827	26110	37853	58516	182700	
G	104	3	15	23	28	34	38	
G	104	6081	23571	26946	38919	60016	183402	
G	105	3	15	23	28	34	38	
G	105	6193	25066	28630	40982	62478	183660	
G	106	3	15	23	28	34	38	
G	106	6552	24535	28732	40712	62474	183912	
G	107	3	15	23	28	34	38	
G	107	6829	24799	28833	40754	62460	183331	
G	108	3	15	23	28	34	38	
G	108	6763	24379	28659	40142	61788	184115	
G	109	3	15	23	28	34	38	
G	109	7082	24591	28905	40407	62118	184071	
G	110	3	15	23	28	34	38	
G	110	7358	25575	30226	41689	63486	183296	
G	111	3	15	23	28	34	38	
G	111	7671	26219	30985	42938	65107	184748	
G	112	3	15	23	28	34	38	
G	112	7758	27080	32268	43904	66378	183513	
G	113	3	15	23	28	34	38	
G	113	7946	27222	32359	44278	66887	183277	
G	114	3	15	23	28	34	38	
G	114	8138	27112	32692	44336	67237	184567	
G	115	3	15	23	28	34	38	
G	115	8565	27070	32687	43662	66589	182945	
G	116	3	15	23	28	34	38	
G	116	8976	26820	32581	43622	69750	183140	
G	117	3	15	23	28	34	38	
G	117	9271	27113	32750	43688	69152	184251	
G	118	3	15	23	28	34	38	
G	118	9391	27517	33412	44407	71739	183162	
G	119	3	15	23	28	34	38	
G	119	9833	28637	34537	45485	71834	184168	
G	120	3	15	23	28	34	38	
G	120	10233	29851	36158	47122	74236	183745	
G	121	3	15	23	28	34	38	
G	121	10612	29506	36114	47191	77529	183768	
G	122	3	15	23	28	34	38	
G	122	10913	29359	35684	46537	75947	183401	
G	123	3	15	23	28	34	38	
G	123	11269	31309	37799	49174	77893	184138	
G	124	3	15	23	28	34	38	
G	124	11907	31848	38780	50086	79692	183299	
G	125	3	15	23	28	34	38	
G	125	12350	32800	40012	51346	81406	183532	
G	126	3	15	23	28	34	38	
G	126	13078	32655	39925	51062	82800	183864	
G	127	3	15	23	28	34	38	
G	127	13630	33118	40137	51211	83087	183687	
G	128	3	15	23	28	34	38	
G	128	13976	33818	41106	52323	84559	183435	
G	129	3	15	23	28	34	38	
G	129	14923	34590	42002	53219	86015	183980	
G	130	3	15	23	28	34	38	
G	130	15867	36324	43445	58703	84163	183535	
G	131	3	15	23	28	34	38	
G	131	16452	35459	42153	55074	83664	182825	
G	132	3	15	23	28	34	38	
G	132	17372	36607	43522	57589	84675	184537	
G	133	3	15	23	28	34	38	
G	133	18063	37484	44387	59312	84821	183523	
G	134	3	15	23	28	34	38	
G	134	19261	38963	45925	60126	87575	183101	
G	135	3	15	23	28	34	38	
G	135	20282	40163	47453	62804	89216	184512	
G	136	3	15	23	28	34	38	
G	136	21279	41296	48591	62811	91387	182804	
G	137	3	15	23	28	34	38	
G	137	22515	43561	51496	65880	94988	182576	
G	138	3	15	23	28	34	38	
G	138	24274	44121	51970	66334	96121	183841	
G	139	3	15	23	28	34	38	
G	139	25619	45376	52944	67524	96953	183139	
G	140	3	15	23	28	34	38	
G	140	27092	47012	54630	70059	97974	182082	
G	141	3	15	23	28	34	38	
G	141	29536	49006	56386	72255	99838	183876	
G	142	3	15	23	28	34	38	
G	142	31689	50667	58081	73956	101469	183919	
G	143	3	15	23	28	34	38	
G	143	33911	51734	59017	74550	102302	183166	
G	144	3	15	23	28	34	38	
G	144	36510	53510	60295	75691	103602	184073	
G	145	3	15	23	28	34	38	
G	145	39977	55319	61922	76922	104977	183497	
G	146	3	15	23	28	34	38	
G	146	43553	55911	61526	75679	103969	183647	
G	147	3	15	23	28	34	38	
G	147	48257	58316	62964	75996	103725	183027	
G	148	3	15	23	28	34	38	
G	148	56016	62984	66539	77854	105150	183560	
G	149	3	15	23	28	34	38	
G	149	67233	69404	71421	79225	105702	183406	
G	150	3	23	28	34	38	
G	150	97456	108215	125166	149559	182072	
C	0	3	15	28	34	
C	0	7	8877	17302	211602	
C	1	3	15	28	34	
C	1	9	6540	13196	168770	
C	2	3	15	28	34	
C	2	10	6183	12270	169427	
C	3	3	15	28	34	
C	3	6	6340	13836	180016	
C	4	3	15	28	34	
C	4	10	5835	11570	178040	
C	5	3	15	28	34	38	
C	5	24	5399	12766	28053	177487	
C	6	3	15	23	28	34	38	
C	6	30	5095	5097	10925	23251	185981	
C	7	3	15	23	28	34	38	
C	7	34	4875	4877	10068	20443	182794	
C	8	3	15	23	28	34	38	
C	8	44	4384	4388	9178	18415	179594	
C	9	3	15	23	28	34	38	
C	9	49	4459	4470	9052	17928	178262	
C	10	3	15	23	28	34	38	
C	10	51	4508	4526	9225	17922	180032	
C	11	3	15	23	28	34	38	
C	11	48	4535	4558	9468	18218	178982	
C	12	3	15	23	28	34	38	
C	12	52	4459	4488	9284	17799	178516	
C	13	3	15	23	28	34	38	
C	13	53	4482	4527	9377	18029	180027	
C	14	3	15	23	28	34	38	
C	14	52	4487	4537	9452	18025	179847	
C	15	3	15	23	28	34	38	
C	15	59	4706	4757	9807	18543	180393	
C	16	3	15	23	28	34	38	
C	16	81	4605	4678	9514	18124	180272	
C	17	3	15	23	28	34	38	
C	17	84	4569	4659	9523	18213	179444	
C	18	3	15	23	28	34	38	
C	18	86	4784	4879	10015	18992	183121	
C	19	3	15	23	28	34	38	
C	19	90	4703	4836	9614	18454	179629	
C	20	3	15	23	28	34	38	
C	20	122	4733	4882	9892	18514	179626	
C	21	3	15	23	28	34	38	
C	21	115	4733	4877	9858	18804	181642	
C	22	3	15	23	28	34	38	
C	22	148	4632	4784	9765	18597	182049	
C	23	3	15	23	28	34	38	
C	23	132	4828	4987	9994	19007	181142	
C	24	3	15	23	28	34	38	
C	24	177	4972	5132	10030	19051	182657	
C	25	3	15	23	28	34	38	
C	25	186	5376	5544	10586	19527	181713	
C	26	3	15	23	28	34	38	
C	26	242	5460	5631	10748	19627	180620	
C	27	3	15	23	28	34	38	
C	27	236	5540	5718	10973	19803	180839	
C	28	3	15	23	28	34	38	
C	28	266	5604	5777	11066	19966	180629	
C	29	3	15	23	28	34	38	
C	29	335	5668	5846	11323	20290	180346	
C	30	3	15	23	28	34	38	
C	30	361	5903	6101	11514	20779	182160	
C	31	3	15	23	28	34	38	
C	31	380	5853	6051	11454	20612	181437	
C	32	3	15	23	28	34	38	
C	32	408	6425	6619	12300	21793	182205	
C	33	3	15	23	28	34	38	
C	33	448	6185	6393	11994	21363	180946	
C	34	3	15	23	28	34	38	
C	34	493	6273	6488	12093	21399	181914	
C	35	3	15	23	28	34	38	
C	35	539	6430	6655	12372	21642	181759	
C	36	3	15	23	28	34	38	
C	36	591	6732	6928	12664	22492	183006	
C	37	3	15	23	28	34	38	
C	37	592	6869	7072	13109	23240	181834	
C	38	3	15	23	28	34	38	
C	38	638	7605	7823	14244	24553	180684	
C	39	3	15	23	28	34	38	
C	39	691	7661	7839	14296	24879	181183	
C	40	3	15	23	28	34	38	
C	40	679	7880	8116	14914	25984	182107	
C	41	3	15	23	28	34	38	
C	41	768	8302	8532	15457	26595	182004	
C	42	3	15	23	28	34	38	
C	42	846	8416	8667	15517	26793	180674	
C	43	3	15	23	28	34	38	
C	43	843	8843	9066	16215	27964	182604	
C	44	3	15	23	28	34	38	
C	44	875	8947	9181	16407	28250	182453	
C	45	3	15	23	28	34	38	
C	45	889	8922	9180	16375	28449	181863	
C	46	3	15	23	28	34	38	
C	46	926	9171	9432	16886	28917	181021	
C	47	3	15	23	28	34	38	
C	47	1000	9345	9576	17209	29381	181044	
C	48	3	15	23	28	34	38	
C	48	958	9715	9971	17683	30136	181499	
C	49	3	15	23	28	34	38	
C	49	1052	10024	10277	18205	31197	181526	
C	50	3	15	23	28	34	38	
C	50	1077	10335	10587	18591	31180	182156	
C	51	3	15	23	28	34	38	
C	51	1118	9995	10313	18302	31021	180925	
C	52	3	15	23	28	34	38	
C	52	1083	10382	10660	18769	31537	180989	
C	53	3	15	23	28	34	38	
C	53	1221	10768	11039	19285	32288	181381	
C	54	3	15	23	28	34	38	
C	54	1307	11056	11353	19774	33077	181742	
C	55	3	15	23	28	34	38	
C	55	1324	10968	11293	19787	32866	182272	
C	56	3	15	23	28	34	38	
C	56	1378	11120	11437	19948	33137	181156	
C	57	3	15	23	28	34	38	
C	57	1479	11499	11809	20358	33703	182309	
C	58	3	15	23	28	34	38	
C	58	1481	11398	11734	20354	33844	181385	
C	59	3	15	23	28	34	38	
C	59	1594	11756	12062	20733	34318	182284	
C	60	3	15	23	28	34	38	
C	60	1668	11828	12181	20633	33986	182789	
C	61	3	15	23	28	34	38	
C	61	1732	12451	12853	21750	35672	182737	
C	62	3	15	23	28	34	38	
C	62	1785	12470	12861	21993	35967	182208	
C	63	3	15	23	28	34	38	
C	63	1818	12964	13341	22680	36707	181808	
C	64	3	15	23	28	34	38	
C	64	1939	12735	13149	22466	36444	182208	
C	65	3	15	23	28	34	38	
C	65	1992	12195	12618	21541	35224	181981	
C	66	3	15	23	28	34	38	
C	66	2044	12438	12838	21725	35416	181695	
C	67	3	15	23	28	34	38	
C	67	2116	12783	13210	22235	35885	181589	
C	68	3	15	23	28	34	38	
C	68	2201	12779	13211	22058	35885	181783	
C	69	3	15	23	28	34	38	
C	69	2286	13565	14000	23193	37342	182367	
C	70	3	15	23	28	34	38	
C	70	2407	13464	13883	23345	37489	181382	
C	71	3	15	23	28	34	38	
C	71	2463	13760	14254	23791	37955	181130	
C	72	3	15	23	28	34	38	
C	72	2545	13696	14231	23578	38037	181718	
C	73	3	15	23	28	34	38	
C	73	2598	13980	14490	23877	38470	181762	
C	74	3	15	23	28	34	38	
C	74	2734	14481	15108	24724	39057	182258	
C	75	3	15	23	28	34	38	
C	75	2781	14688	15435	24852	39679	182718	
C	76	3	15	23	28	34	38	
C	76	2990	14977	15763	25374	40327	183153	
C	77	3	15	23	28	34	38	
C	77	3036	15102	15881	25670	40710	182293	
C	78	3	15	23	28	34	38	
C	78	3085	15463	16332	25926	41107	182121	
C	79	3	15	23	28	34	38	
C	79	3213	15350	16254	26068	41241	181818	
C	80	3	15	23	28	34	38	
C	80	3404	15811	16803	26761	42247	182390	
C	81	3	15	23	28	34	38	
C	81	3373	15881	16909	27019	42344	182229	
C	82	3	15	23	28	34	38	
C	82	3519	16043	17036	26979	42321	180648	
C	83	3	15	23	28	34	38	
C	83	3602	16361	17408	27464	43208	181827	
C	84	3	15	23	28	34	38	
C	84	3790	17275	18417	28612	44350	182542	
C	85	3	15	23	28	34	38	
C	85	3839	17014	18194	28559	44516	181782	
C	86	3	15	23	28	34	38	
C	86	3978	16518	17775	27829	44148	181455	
C	87	3	15	23	28	34	38	
C	87	4130	17368	18707	28919	45251	183031	
C	88	3	15	23	28	34	38	
C	88	4263	17424	18802	28787	45220	182162	
C	89	3	15	23	28	34	38	
C	89	4314	17807	19256	29684	45992	181212	
C	90	3	15	23	28	34	38	
C	90	4517	18012	19610	30080	46878	182811	
C	91	3	15	23	28	34	38	
C	91	4586	18054	19635	29725	46056	181659	
C	92	3	15	23	28	34	38	
C	92	4680	18306	19854	30001	46356	182071	
C	93	3	15	23	28	34	38	
C	93	4915	19088	20778	31273	48365	181879	
C	94	3	15	23	28	34	38	
C	94	4897	18794	20563	31055	47992	182433	
C	95	3	15	23	28	34	38	
C	95	5230	19602	21607	32062	49368	181709	
C	96	3	15	23	28	34	38	
C	96	5462	19705	21838	32587	50473	183267	
C	97	3	15	23	28	34	38	
C	97	5436	20165	22378	33282	51116	182133	
C	98	3	15	23	28	34	38	
C	98	5560	20712	23001	33785	51814	181733	
C	99	3	15	23	28	34	38	
C	99	5687	20316	22753	33397	51358	183394	
C	100	3	15	23	28	34	38	
C	100	5864	20877	23242	33780	51955	181918	
C	101	3	15	23	28	34	38	
C	101	6199	20694	23306	34111	52453	182568	
C	102	3	15	23	28	34	38	
C	102	6204	21388	24109	34721	53187	182489	
C	103	3	15	23	28	34	38	
C	103	6383	21380	24180	34495	52887	182097	
C	104	3	15	23	28	34	38	
C	104	6541	21928	24750	35327	54216	181567	
C	105	3	15	23	28	34	38	
C	105	6732	23358	26550	37721	56927	183007	
C	106	3	15	23	28	34	38	
C	106	6771	22569	26118	36959	56135	182467	
C	107	3	15	23	28	34	38	
C	107	6972	23050	26525	37246	56453	182495	
C	108	3	15	23	28	34	38	
C	108	7357	22976	26771	36807	55978	181643	
C	109	3	15	23	28	34	38	
C	109	7646	23365	27212	37368	56609	182758	
C	110	3	15	23	28	34	38	
C	110	7845	24427	28786	38733	58510	182377	
C	111	3	15	23	28	34	38	
C	111	8021	24527	28953	39390	59465	183087	
C	112	3	15	23	28	34	38	
C	112	8290	24940	29801	39744	59993	182302	
C	113	3	15	23	28	34	38	
C	113	8533	25298	30186	40567	60971	182497	
C	114	3	15	23	28	34	38	
C	114	8803	25702	30786	40772	61295	182498	
C	115	3	15	23	28	34	38	
C	115	9103	25781	31346	40662	61218	182962	
C	116	3	15	23	28	34	38	
C	116	9257	25394	31040	40603	65261	181929	
C	117	3	15	23	28	34	38	
C	117	9466	26011	31604	41054	65102	182939	
C	118	3	15	23	28	34	38	
C	118	10037	26192	31847	41128	66946	181849	
C	119	3	15	23	28	34	38	
C	119	10332	27202	33073	42105	67025	182537	
C	120	3	15	23	28	34	38	
C	120	10643	28562	34803	44493	70310	183673	
C	121	3	15	23	28	34	38	
C	121	11188	28114	34878	44348	73358	182460	
C	122	3	15	23	28	34	38	
C	122	11536	28245	34686	43902	72325	182002	
C	123	3	15	23	28	34	38	
C	123	12164	29972	36534	45884	72664	182974	
C	124	3	15	23	28	34	38	
C	124	12365	30183	37034	46444	74826	182495	
C	125	3	15	23	28	34	38	
C	125	12905	31106	38547	48296	77016	182124	
C	126	3	15	23	28	34	38	
C	126	13369	30713	38048	47496	78417	182473	
C	127	3	15	23	28	34	38	
C	127	14137	31595	38798	48040	78570	181953	
C	128	3	15	23	28	34	38	
C	128	14866	32242	39676	48952	80159	182764	
C	129	3	15	23	28	34	38	
C	129	15623	33413	40784	50008	81749	182529	
C	130	3	15	23	28	34	38	
C	130	16361	34156	41822	55430	80043	182957	
C	131	3	15	23	28	34	38	
C	131	16942	34555	41903	53528	81140	182811	
C	132	3	15	23	28	34	38	
C	132	17940	35101	42185	54706	80836	182925	
C	133	3	15	23	28	34	38	
C	133	18888	36276	43469	57180	81493	183137	
C	134	3	15	23	28	34	38	
C	134	19379	37347	44651	57221	83653	182771	
C	135	3	15	23	28	34	38	
C	135	20507	37963	45438	59410	84246	182111	
C	136	3	15	23	28	34	38	
C	136	21726	39354	46878	59256	87189	182835	
C	137	3	15	23	28	34	38	
C	137	23051	41579	49601	62140	90673	183198	
C	138	3	15	23	28	34	38	
C	138	24833	42536	50715	63347	92536	184429	
C	139	3	15	23	28	34	38	
C	139	25982	43721	51701	64808	93565	183515	
C	140	3	15	23	28	34	38	
C	140	27828	45551	53543	67504	94842	184212	
C	141	3	15	23	28	34	38	
C	141	29481	46939	55008	69445	95849	183734	
C	142	3	15	23	28	34	38	
C	142	31424	48688	56648	70903	97452	182929	
C	143	3	15	23	28	34	38	
C	143	33559	49459	57523	71646	98697	183442	
C	144	3	15	23	28	34	38	
C	144	36337	51647	59060	73229	100475	183771	
C	145	3	15	23	28	34	38	
C	145	39797	53531	60479	74024	101408	183607	
C	146	3	15	23	28	34	38	
C	146	43086	54608	60673	73663	101430	183538	
C	147	3	15	23	28	34	38	
C	147	47427	56741	62064	74188	101553	184696	
C	148	3	15	23	28	34	38	
C	148	53772	60410	64365	74864	101796	184390	
C	149	3	15	23	28	34	38	
C	149	65823	68089	70356	77250	103646	183782	
C	150	3	23	28	34	38	
C	150	97276	108205	124801	150392	182691	
N	0	
N	0	
N	1	
N	1	
N	2	
N	2	
N	3	
N	3	
N	4	3	
N	4	247	
N	5	3	
N	5	147	
N	6	
N	6	
N	7	
N	7	
N	8	
N	8	
N	9	
N	9	
N	10	
N	10	
N	11	
N	11	
N	12	
N	12	
N	13	
N	13	
N	14	
N	14	
N	15	
N	15	
N	16	
N	16	
N	17	
N	17	
N	18	
N	18	
N	19	
N	19	
N	20	
N	20	
N	21	
N	21	
N	22	
N	22	
N	23	
N	23	
N	24	
N	24	
N	25	
N	25	
N	26	
N	26	
N	27	
N	27	
N	28	
N	28	
N	29	
N	29	
N	30	
N	30	
N	31	
N	31	
N	32	
N	32	
N	33	
N	33	
N	34	
N	34	
N	35	
N	35	
N	36	
N	36	
N	37	
N	37	
N	38	
N	38	
N	39	
N	39	
N	40	
N	40	
N	41	
N	41	
N	42	
N	42	
N	43	
N	43	
N	44	
N	44	
N	45	
N	45	
N	46	
N	46	
N	47	
N	47	
N	48	
N	48	
N	49	
N	49	
N	50	
N	50	
N	51	
N	51	
N	52	3	
N	52	60	
N	53	
N	53	
N	54	
N	54	
N	55	
N	55	
N	56	
N	56	
N	57	
N	57	
N	58	
N	58	
N	59	
N	59	
N	60	
N	60	
N	61	
N	61	
N	62	
N	62	
N	63	
N	63	
N	64	
N	64	
N	65	
N	65	
N	66	
N	66	
N	67	
N	67	
N	68	
N	68	
N	69	
N	69	
N	70	
N	70	
N	71	
N	71	
N	72	
N	72	
N	73	
N	73	
N	74	
N	74	
N	75	
N	75	
N	76	
N	76	
N	77	
N	77	
N	78	
N	78	
N	79	
N	79	
N	80	
N	80	
N	81	
N	81	
N	82	
N	82	
N	83	
N	83	
N	84	
N	84	
N	85	
N	85	
N	86	
N	86	
N	87	3	
N	87	40	
N	88	
N	88	
N	89	
N	89	
N	90	
N	90	
N	91	
N	91	
N	92	
N	92	
N	93	
N	93	
N	94	
N	94	
N	95	3	
N	95	110	
N	96	
N	96	
N	97	
N	97	
N	98	
N	98	
N	99	
N	99	
N	100	
N	100	
N	101	
N	101	
N	102	
N	102	
N	103	
N	103	
N	104	
N	104	
N	105	
N	105	
N	106	
N	106	
N	107	
N	107	
N	108	
N	108	
N	109	
N	109	
N	110	
N	110	
N	111	3	
N	111	1	
N	112	
N	112	
N	113	
N	113	
N	114	
N	114	
N	115	
N	115	
N	116	
N	116	
N	117	
N	117	
N	118	
N	118	
N	119	
N	119	
N	120	
N	120	
N	121	
N	121	
N	122	
N	122	
N	123	
N	123	
N	124	
N	124	
N	125	
N	125	
N	126	
N	126	
N	127	
N	127	
N	128	
N	128	
N	129	
N	129	
N	130	
N	130	
N	131	
N	131	
N	132	
N	132	
N	133	
N	133	
N	134	
N	134	
N	135	
N	135	
N	136	
N	136	
N	137	
N	137	
N	138	
N	138	
N	139	3	
N	139	1	
N	140	3	
N	140	95	
N	141	
N	141	
N	142	
N	142	
N	143	
N	143	
N	144	
N	144	
N	145	
N	145	
N	146	
N	146	
N	147	
N	147	
N	148	
N	148	
N	149	
N	149	
N	150	
N	150	
