.	0	3	15	28	34	
.	0	5868	62942	121594	1000000	
.	1	3	15	28	34	
.	1	7771	58771	113568	1000000	
.	2	3	15	28	34	
.	2	8630	55782	104706	1000000	
.	3	3	15	28	34	
.	3	9045	55846	101103	1000000	
.	4	3	15	28	34	
.	4	9685	55527	99374	1000000	
.	5	3	15	23	28	34	38	
.	5	8589	54276	54279	92889	156081	1000000	
.	6	3	15	23	28	34	38	
.	6	8700	53036	53056	91993	154512	1000000	
.	7	3	15	23	28	34	38	
.	7	8972	53523	53575	93459	153977	1000000	
.	8	3	15	23	28	34	38	
.	8	9214	53772	53847	94504	152726	1000000	
.	9	3	15	23	28	34	38	
.	9	9483	54087	54208	94829	153520	1000000	
.	10	3	15	23	28	34	38	
.	10	9754	54596	54788	94042	153178	1000000	
.	11	3	15	23	28	34	38	
.	11	9871	54806	55035	96784	153894	1000000	
.	12	3	15	23	28	34	38	
.	12	10185	54273	54563	95567	152008	1000000	
.	13	3	15	23	28	34	38	
.	13	10752	56453	56882	98353	155118	1000000	
.	14	3	15	23	28	34	38	
.	14	10711	55222	55708	97458	154505	1000000	
.	15	3	15	23	28	34	38	
.	15	11082	56262	56937	98667	155701	1000000	
.	16	3	15	23	28	34	38	
.	16	11371	55903	56718	98179	155420	1000000	
.	17	3	15	23	28	34	38	
.	17	11622	56047	57010	98089	155202	1000000	
.	18	3	15	23	28	34	38	
.	18	11699	58100	59140	101049	160024	1000000	
.	19	3	15	23	28	34	38	
.	19	11950	57560	58759	100343	157694	1000000	
.	20	3	15	23	28	34	38	
.	20	12122	57113	58425	100397	157522	1000000	
.	21	3	15	23	28	34	38	
.	21	12477	58287	59765	101118	159116	1000000	
.	22	3	15	23	28	34	38	
.	22	12734	58398	60009	101126	158467	1000000	
.	23	3	15	23	28	34	38	
.	23	12850	58494	60126	102373	160283	1000000	
.	24	3	15	23	28	34	38	
.	24	13238	60075	61805	105002	163948	1000000	
.	25	3	15	23	28	34	38	
.	25	13306	59346	61125	104351	163361	1000000	
.	26	3	15	23	28	34	38	
.	26	13688	60933	62699	105799	165190	1000000	
.	27	3	15	23	28	34	38	
.	27	13937	60216	61999	104316	162539	1000000	
.	28	3	15	23	28	34	38	
.	28	14215	61375	63144	105838	164729	1000000	
.	29	3	15	23	28	34	38	
.	29	14433	62622	64450	107398	166191	1000000	
.	30	3	15	23	28	34	38	
.	30	14574	62664	64498	108100	167001	1000000	
.	31	3	15	23	28	34	38	
.	31	14659	63139	64957	108970	168978	1000000	
.	32	3	15	23	28	34	38	
.	32	14922	61954	63818	107995	168050	1000000	
.	33	3	15	23	28	34	38	
.	33	14932	62175	64035	107679	167366	1000000	
.	34	3	15	23	28	34	38	
.	34	15249	62765	64587	108370	168568	1000000	
.	35	3	15	23	28	34	38	
.	35	15440	62529	64334	108178	168713	1000000	
.	36	3	15	23	28	34	38	
.	36	15752	64173	66006	110069	170673	1000000	
.	37	3	15	23	28	34	38	
.	37	16185	63450	65313	109808	171042	1000000	
.	38	3	15	23	28	34	38	
.	38	16461	65682	67569	112177	174045	1000000	
.	39	3	15	23	28	34	38	
.	39	16420	65065	67051	112408	174771	1000000	
.	40	3	15	23	28	34	38	
.	40	16894	65228	67051	111565	172883	1000000	
.	41	3	15	23	28	34	38	
.	41	17197	65499	67461	112235	173614	1000000	
.	42	3	15	23	28	34	38	
.	42	17428	66485	68439	113910	176370	1000000	
.	43	3	15	23	28	34	38	
.	43	17688	66628	68491	113745	175889	1000000	
.	44	3	15	23	28	34	38	
.	44	18324	68671	70676	116543	179953	1000000	
.	45	3	15	23	28	34	38	
.	45	18319	67053	69109	114849	177285	1000000	
.	46	3	15	23	28	34	38	
.	46	18811	69429	71464	117269	180967	1000000	
.	47	3	15	23	28	34	38	
.	47	18996	70301	72363	119146	183478	1000000	
.	48	3	15	23	28	34	38	
.	48	19203	71455	73584	121508	186468	1000000	
.	49	3	15	23	28	34	38	
.	49	19639	71527	73617	121893	187341	1000000	
.	50	3	15	23	28	34	38	
.	50	19948	70113	72284	119611	184392	1000000	
.	51	3	15	23	28	34	38	
.	51	20283	70217	72324	118979	183489	1000000	
.	52	3	15	23	28	34	38	
.	52	20671	74094	76263	124062	190547	1000000	
.	53	3	15	23	28	34	38	
.	53	21018	73824	75982	124444	190738	1000000	
.	54	3	15	23	28	34	38	
.	54	21444	74650	76909	126243	193254	1000000	
.	55	3	15	23	28	34	38	
.	55	21819	75360	77571	126482	193375	1000000	
.	56	3	15	23	28	34	38	
.	56	22189	75972	78377	128210	196287	1000000	
.	57	3	15	23	28	34	38	
.	57	22569	76786	79283	128901	197400	1000000	
.	58	3	15	23	28	34	38	
.	58	23000	75835	78323	127197	194907	1000000	
.	59	3	15	23	28	34	38	
.	59	23496	78064	80673	130673	200220	1000000	
.	60	3	15	23	28	34	38	
.	60	23907	77442	80000	129886	199617	1000000	
.	61	3	15	23	28	34	38	
.	61	24293	79347	82342	132050	201731	1000000	
.	62	3	15	23	28	34	38	
.	62	24753	81873	84675	136040	207207	1000000	
.	63	3	15	23	28	34	38	
.	63	25213	83186	86917	138699	210777	1000000	
.	64	3	15	23	28	34	38	
.	64	25697	79079	83328	132335	202387	1000000	
.	65	3	15	23	28	34	38	
.	65	26278	82889	87196	137253	208756	1000000	
.	66	3	15	23	28	34	38	
.	66	26804	81901	86214	136076	207807	1000000	
.	67	3	15	23	28	34	38	
.	67	27520	82911	87265	136583	207801	1000000	
.	68	3	15	23	28	34	38	
.	68	28079	84048	88533	139087	211464	1000000	
.	69	3	15	23	28	34	38	
.	69	28588	85403	90052	141532	215234	1000000	
.	70	3	15	23	28	34	38	
.	70	29180	89022	93802	146191	221828	1000000	
.	71	3	15	23	28	34	38	
.	71	29859	89425	94470	147323	223521	1000000	
.	72	3	15	23	28	34	38	
.	72	30393	89768	95094	148962	225948	1000000	
.	73	3	15	23	28	34	38	
.	73	31100	91104	96555	150173	227409	1000000	
.	74	3	15	23	28	34	38	
.	74	31563	89188	94473	146644	222439	1000000	
.	75	3	15	23	28	34	38	
.	75	32067	89252	94503	145851	222119	1000000	
.	76	3	15	23	28	34	38	
.	76	32861	91914	97502	149643	226473	1000000	
.	77	3	15	23	28	34	38	
.	77	33515	92763	98630	151122	228031	1000000	
.	78	3	15	23	28	34	38	
.	78	34186	96727	102826	156760	236551	1000000	
.	79	3	15	23	28	34	38	
.	79	34759	95173	101486	154362	232995	1000000	
.	80	3	15	23	28	34	38	
.	80	35518	97749	104275	158562	237951	1000000	
.	81	3	15	23	28	34	38	
.	81	36212	100002	106672	161649	242459	1000000	
.	82	3	15	23	28	34	38	
.	82	36965	102144	109372	166217	249241	1000000	
.	83	3	15	23	28	34	38	
.	83	37689	101438	108928	164455	245926	1000000	
.	84	3	15	23	28	34	38	
.	84	38503	103863	111431	167312	251018	1000000	
.	85	3	15	23	28	34	38	
.	85	39251	104168	112256	168792	252574	1000000	
.	86	3	15	23	28	34	38	
.	86	40060	102339	110671	165839	248379	1000000	
.	87	3	15	23	28	34	38	
.	87	40923	102035	110829	163651	244556	1000000	
.	88	3	15	23	28	34	38	
.	88	41831	104577	113204	166372	247750	1000000	
.	89	3	15	23	28	34	38	
.	89	43014	110802	120031	176251	262580	1000000	
.	90	3	15	23	28	34	38	
.	90	43865	111841	121527	178843	266497	1000000	
.	91	3	15	23	28	34	38	
.	91	44864	116025	127453	184723	273492	1000000	
.	92	3	15	23	28	34	38	
.	92	45789	113597	125642	181640	268747	1000000	
.	93	3	15	23	28	34	38	
.	93	46820	110008	122460	175856	276387	1000000	
.	94	3	15	23	28	34	38	
.	94	47949	112518	125120	178363	279346	1000000	
.	95	3	15	23	28	34	38	
.	95	49172	115153	128230	181218	275291	1000000	
.	96	3	15	23	28	34	38	
.	96	50521	121074	135218	190856	288911	1000000	
.	97	3	15	23	28	34	38	
.	97	51823	120666	135558	190075	280637	1000000	
.	98	3	15	23	28	34	38	
.	98	53281	124437	139960	195952	312008	1000000	
.	99	3	15	23	28	34	38	
.	99	54835	124541	140965	196390	322374	1000000	
.	100	3	15	23	28	34	38	
.	100	56331	128972	146141	202025	326951	1000000	
.	101	3	15	23	28	34	38	
.	101	57963	133690	152463	211113	343506	1000000	
.	102	3	15	23	28	34	38	
.	102	59533	135429	154878	212175	341554	1000000	
.	103	3	15	23	28	34	38	
.	103	61200	139043	159502	216660	350473	1000000	
.	104	3	15	23	28	34	38	
.	104	62998	140746	162401	220025	356857	1000000	
.	105	3	15	23	28	34	38	
.	105	64888	141229	164076	220737	357487	1000000	
.	106	3	15	23	28	34	38	
.	106	66854	144564	172349	229000	358277	1000000	
.	107	3	15	23	28	34	38	
.	107	68846	148685	179495	235723	359717	1000000	
.	108	3	15	23	28	34	38	
.	108	70917	149728	180367	235384	359406	1000000	
.	109	3	15	23	28	34	38	
.	109	73056	154619	182267	238006	373965	1000000	
.	110	3	15	23	28	34	38	
.	110	75422	162713	194969	253592	389396	1000000	
.	111	3	15	23	28	34	38	
.	111	77794	162117	199506	260168	383223	1000000	
.	112	3	15	23	28	34	38	
.	112	79910	161244	197005	255340	376489	1000000	
.	113	3	15	23	28	34	38	
.	113	82395	170021	206307	267512	391168	1000000	
.	114	3	15	23	28	34	38	
.	114	84834	179980	219028	283088	409661	1000000	
.	115	3	15	23	28	34	38	
.	115	87191	180550	219994	282762	416630	1000000	
.	116	3	15	23	28	34	38	
.	116	89627	180769	221961	286652	414156	1000000	
.	117	3	15	23	28	34	38	
.	117	92094	178839	219141	281905	407875	1000000	
.	118	3	15	23	28	34	38	
.	118	94493	179797	218075	279936	404765	1000000	
.	119	3	15	23	28	34	38	
.	119	97062	184779	223018	286357	411764	1000000	
.	120	3	15	23	28	34	38	
.	120	99787	186815	226348	289889	415521	1000000	
.	121	3	15	23	28	34	38	
.	121	102694	193075	232905	298074	426304	1000000	
.	122	3	15	23	28	34	38	
.	122	105715	199429	240116	305856	434667	1000000	
.	123	3	15	23	28	34	38	
.	123	108904	204178	246390	313824	444363	1000000	
.	124	3	15	23	28	34	38	
.	124	112190	210583	255481	324217	457235	1000000	
.	125	3	15	23	28	34	38	
.	125	115448	208154	252925	320881	453010	1000000	
.	126	3	15	23	28	34	38	
.	126	118747	209004	251669	318720	449821	1000000	
.	127	3	15	23	28	34	38	
.	127	122262	211092	253253	320179	451375	1000000	
.	128	3	15	23	28	34	38	
.	128	125928	208408	248761	313632	442966	1000000	
.	129	3	15	23	28	34	38	
.	129	130131	215110	254096	320142	448502	1000000	
.	130	3	15	23	28	34	38	
.	130	135138	228662	270278	339124	471796	1000000	
.	131	3	15	23	28	34	38	
.	131	140317	237400	283544	354039	490211	1000000	
.	132	3	15	23	28	34	38	
.	132	145553	245928	294206	365784	504657	1000000	
.	133	3	15	23	28	34	38	
.	133	150871	254865	304763	378875	520157	1000000	
.	134	3	15	23	28	34	38	
.	134	156209	255751	306332	378974	520103	1000000	
.	135	3	15	23	28	34	38	
.	135	161908	257826	306948	379329	521861	1000000	
.	136	3	15	23	28	34	38	
.	136	167857	261982	309977	381932	524645	1000000	
.	137	3	15	23	28	34	38	
.	137	174328	262495	308814	379822	522625	1000000	
.	138	3	15	23	28	34	38	
.	138	181525	262513	305178	374122	515159	1000000	
.	139	3	15	23	28	34	38	
.	139	190365	272649	313762	382991	525871	1000000	
.	140	3	15	23	28	34	38	
.	140	200624	279611	319741	388524	531242	1000000	
.	141	3	15	23	28	34	38	
.	141	212974	302193	344917	416376	560200	1000000	
.	142	3	15	23	28	34	38	
.	142	225983	309583	353354	423408	570246	1000000	
.	143	3	15	23	28	34	38	
.	143	241909	323841	368559	437943	586467	1000000	
.	144	3	15	23	28	34	38	
.	144	260428	338794	381659	450426	600152	1000000	
.	145	3	15	23	28	34	38	
.	145	282121	359039	402764	471188	622349	1000000	
.	146	3	15	23	28	34	38	
.	146	304339	368910	409542	474047	625498	1000000	
.	147	3	15	23	28	34	38	
.	147	331856	382132	414801	473513	623733	1000000	
.	148	3	15	23	28	34	38	
.	148	372798	407686	432063	483543	631293	1000000	
.	149	3	15	23	28	34	38	
.	149	434713	446145	460550	493933	636365	1000000	
.	150	3	23	28	34	38	
.	150	624976	681837	742308	852786	1000000	
A	0	3	15	28	34	
A	0	1414	16810	31696	274833	
A	1	3	15	28	34	
A	1	1390	17363	32658	321410	
A	2	3	15	28	34	
A	2	1483	15776	29713	313518	
A	3	3	15	28	34	
A	3	1621	15777	28620	308888	
A	4	3	15	28	34	
A	4	1792	16662	29969	330581	
A	5	3	15	28	34	38	
A	5	1939	16576	28272	48326	336967	
A	6	3	15	23	28	34	38	
A	6	1819	15184	15190	26004	44358	307502	
A	7	3	15	23	28	34	38	
A	7	2013	16066	16086	27646	46100	319897	
A	8	3	15	23	28	34	38	
A	8	2086	16102	16129	28138	45991	322281	
A	9	3	15	23	28	34	38	
A	9	2214	16324	16355	28204	46280	324826	
A	10	3	15	23	28	34	38	
A	10	2296	16388	16440	27902	46172	324055	
A	11	3	15	23	28	34	38	
A	11	2488	16385	16443	28735	46160	325478	
A	12	3	15	23	28	34	38	
A	12	2507	16008	16069	28080	45398	321883	
A	13	3	15	23	28	34	38	
A	13	2570	16663	16752	29066	46362	323454	
A	14	3	15	23	28	34	38	
A	14	2729	16634	16740	29101	46710	321642	
A	15	3	15	23	28	34	38	
A	15	2656	16770	16917	29158	46524	320416	
A	16	3	15	23	28	34	38	
A	16	2766	16528	16695	28902	46425	320793	
A	17	3	15	23	28	34	38	
A	17	2882	16758	16962	29218	46709	321383	
A	18	3	15	23	28	34	38	
A	18	2928	17322	17521	29809	48050	319354	
A	19	3	15	23	28	34	38	
A	19	3078	17517	17790	30170	47807	321871	
A	20	3	15	23	28	34	38	
A	20	3097	17235	17476	30019	47639	321511	
A	21	3	15	23	28	34	38	
A	21	3230	17124	17449	29650	47313	319943	
A	22	3	15	23	28	34	38	
A	22	3277	17526	17838	30157	47822	320787	
A	23	3	15	23	28	34	38	
A	23	3568	18112	18421	31112	49208	321899	
A	24	3	15	23	28	34	38	
A	24	3438	18235	18559	31507	49642	319876	
A	25	3	15	23	28	34	38	
A	25	3630	18527	18909	32201	50943	321483	
A	26	3	15	23	28	34	38	
A	26	3673	18232	18584	31374	49701	320452	
A	27	3	15	23	28	34	38	
A	27	3776	18256	18627	31424	49489	320573	
A	28	3	15	23	28	34	38	
A	28	3638	18316	18654	31434	49661	320962	
A	29	3	15	23	28	34	38	
A	29	3792	18710	19070	31873	49925	319522	
A	30	3	15	23	28	34	38	
A	30	3901	18713	19062	31878	49937	318906	
A	31	3	15	23	28	34	38	
A	31	4062	19008	19378	32440	50818	321210	
A	32	3	15	23	28	34	38	
A	32	4082	19171	19548	32914	51545	319985	
A	33	3	15	23	28	34	38	
A	33	4018	18738	19135	32384	51157	320582	
A	34	3	15	23	28	34	38	
A	34	4180	19383	19766	33011	52089	320645	
A	35	3	15	23	28	34	38	
A	35	4240	18853	19240	32465	51106	319151	
A	36	3	15	23	28	34	38	
A	36	4238	19203	19597	32703	51624	317721	
A	37	3	15	23	28	34	38	
A	37	4402	18717	19071	32295	51221	318687	
A	38	3	15	23	28	34	38	
A	38	4492	19802	20157	33770	53043	319265	
A	39	3	15	23	28	34	38	
A	39	4681	19648	20063	33558	53000	318137	
A	40	3	15	23	28	34	38	
A	40	4696	19626	20012	33449	52442	320429	
A	41	3	15	23	28	34	38	
A	41	4855	19773	20185	33813	52868	319476	
A	42	3	15	23	28	34	38	
A	42	4728	20082	20514	34327	53851	318327	
A	43	3	15	23	28	34	38	
A	43	4955	19940	20325	33885	53173	319965	
A	44	3	15	23	28	34	38	
A	44	5109	20658	21077	34913	54786	319740	
A	45	3	15	23	28	34	38	
A	45	5202	20407	20855	34597	54150	318250	
A	46	3	15	23	28	34	38	
A	46	5290	20945	21363	35176	55197	320899	
A	47	3	15	23	28	34	38	
A	47	5395	21352	21823	35976	56224	320168	
A	48	3	15	23	28	34	38	
A	48	5333	21819	22279	36684	57259	318252	
A	49	3	15	23	28	34	38	
A	49	5482	21433	21889	36325	56828	318199	
A	50	3	15	23	28	34	38	
A	50	5619	21408	21855	36052	56576	318349	
A	51	3	15	23	28	34	38	
A	51	5841	21593	22089	36393	56859	319446	
A	52	3	15	23	28	34	38	
A	52	5946	22719	23240	37612	58411	319102	
A	53	3	15	23	28	34	38	
A	53	6009	22453	22989	37649	58580	318980	
A	54	3	15	23	28	34	38	
A	54	6198	23040	23549	38642	59989	319431	
A	55	3	15	23	28	34	38	
A	55	6343	23259	23749	38499	59493	318969	
A	56	3	15	23	28	34	38	
A	56	6367	23247	23818	38867	60343	318635	
A	57	3	15	23	28	34	38	
A	57	6609	23963	24530	39760	61349	318415	
A	58	3	15	23	28	34	38	
A	58	6709	23490	24070	39059	60499	319167	
A	59	3	15	23	28	34	38	
A	59	6832	24394	25006	40574	62883	318684	
A	60	3	15	23	28	34	38	
A	60	6966	23951	24607	39784	61763	317415	
A	61	3	15	23	28	34	38	
A	61	7051	24558	25228	40531	62743	317968	
A	62	3	15	23	28	34	38	
A	62	7166	25384	26078	41748	64258	317502	
A	63	3	15	23	28	34	38	
A	63	7337	25566	26503	42323	64721	317809	
A	64	3	15	23	28	34	38	
A	64	7428	24297	25343	40400	62333	319095	
A	65	3	15	23	28	34	38	
A	65	7617	25339	26366	41910	64597	318191	
A	66	3	15	23	28	34	38	
A	66	7646	24800	25835	41136	63770	317221	
A	67	3	15	23	28	34	38	
A	67	8289	25476	26501	41491	63706	319863	
A	68	3	15	23	28	34	38	
A	68	8455	25817	26894	42241	64849	317973	
A	69	3	15	23	28	34	38	
A	69	8535	26160	27262	42976	66039	317093	
A	70	3	15	23	28	34	38	
A	70	8667	27528	28746	44888	69029	317910	
A	71	3	15	23	28	34	38	
A	71	8712	27351	28597	44770	68715	318137	
A	72	3	15	23	28	34	38	
A	72	9010	27460	28761	45154	69462	316380	
A	73	3	15	23	28	34	38	
A	73	9041	27961	29303	45733	70277	317615	
A	74	3	15	23	28	34	38	
A	74	9116	27234	28542	44460	68112	317550	
A	75	3	15	23	28	34	38	
A	75	9362	27315	28636	44372	68278	317183	
A	76	3	15	23	28	34	38	
A	76	9489	28328	29752	45880	70191	318065	
A	77	3	15	23	28	34	38	
A	77	9837	28538	29949	46100	70412	318195	
A	78	3	15	23	28	34	38	
A	78	9943	29777	31322	47883	73175	317274	
A	79	3	15	23	28	34	38	
A	79	10349	29082	30631	46538	71232	317770	
A	80	3	15	23	28	34	38	
A	80	10540	30303	31948	48564	73291	317402	
A	81	3	15	23	28	34	38	
A	81	10715	30591	32332	49119	74450	317562	
A	82	3	15	23	28	34	38	
A	82	10825	31501	33314	50974	77187	317646	
A	83	3	15	23	28	34	38	
A	83	11119	31143	32990	49848	75591	317407	
A	84	3	15	23	28	34	38	
A	84	11167	31678	33620	50832	77230	315838	
A	85	3	15	23	28	34	38	
A	85	11404	31907	33991	51365	77496	317603	
A	86	3	15	23	28	34	38	
A	86	11758	31613	33764	50792	76865	317169	
A	87	3	15	23	28	34	38	
A	87	11892	31316	33563	49784	75237	316886	
A	88	3	15	23	28	34	38	
A	88	12179	32144	34351	50802	76453	317138	
A	89	3	15	23	28	34	38	
A	89	12185	33781	36184	53636	81058	316649	
A	90	3	15	23	28	34	38	
A	90	12696	34372	36959	54775	82546	316509	
A	91	3	15	23	28	34	38	
A	91	12887	35898	38953	56701	85019	316235	
A	92	3	15	23	28	34	38	
A	92	13097	35000	38174	55450	82929	317278	
A	93	3	15	23	28	34	38	
A	93	13627	33223	36517	52666	84367	315880	
A	94	3	15	23	28	34	38	
A	94	13901	34679	38060	54441	86633	315553	
A	95	3	15	23	28	34	38	
A	95	14014	34946	38541	54917	84498	315718	
A	96	3	15	23	28	34	38	
A	96	14633	37360	41242	58818	90238	316480	
A	97	3	15	23	28	34	38	
A	97	14915	37162	41243	58297	87276	316788	
A	98	3	15	23	28	34	38	
A	98	15319	38437	42755	60304	97610	315705	
A	99	3	15	23	28	34	38	
A	99	15725	37626	42141	59476	99313	316128	
A	100	3	15	23	28	34	38	
A	100	16370	39656	44429	61708	101784	316770	
A	101	3	15	23	28	34	38	
A	101	16499	41167	46545	65034	107409	315462	
A	102	3	15	23	28	34	38	
A	102	17221	41272	46716	64380	105556	315076	
A	103	3	15	23	28	34	38	
A	103	17627	42173	48004	65806	108629	317247	
A	104	3	15	23	28	34	38	
A	104	18335	43297	49451	67442	111295	316221	
A	105	3	15	23	28	34	38	
A	105	18916	43586	50130	67904	111614	316289	
A	106	3	15	23	28	34	38	
A	106	19282	44375	52628	70407	112247	316115	
A	107	3	15	23	28	34	38	
A	107	19864	45496	54737	72530	112330	316417	
A	108	3	15	23	28	34	38	
A	108	20812	45931	54964	72202	111958	317254	
A	109	3	15	23	28	34	38	
A	109	21433	47500	55827	73430	117322	317125	
A	110	3	15	23	28	34	38	
A	110	21858	50270	60054	78765	122686	316188	
A	111	3	15	23	28	34	38	
A	111	22563	49823	61138	80426	119876	315344	
A	112	3	15	23	28	34	38	
A	112	23572	49100	59864	78044	116360	316149	
A	113	3	15	23	28	34	38	
A	113	23934	52007	63240	82885	122619	316438	
A	114	3	15	23	28	34	38	
A	114	24750	55341	67221	87659	128352	315677	
A	115	3	15	23	28	34	38	
A	115	25579	55476	67466	87522	130354	316732	
A	116	3	15	23	28	34	38	
A	116	26383	55674	68398	88852	129703	316361	
A	117	3	15	23	28	34	38	
A	117	26588	54518	66837	86922	127047	315228	
A	118	3	15	23	28	34	38	
A	118	27537	54949	66484	86262	126068	316266	
A	119	3	15	23	28	34	38	
A	119	28361	57010	68856	89210	129384	316033	
A	120	3	15	23	28	34	38	
A	120	29540	58152	70461	90865	130865	316329	
A	121	3	15	23	28	34	38	
A	121	29857	59510	71750	92795	134081	316454	
A	122	3	15	23	28	34	38	
A	122	30800	61437	74023	95222	136561	315721	
A	123	3	15	23	28	34	38	
A	123	31950	62809	75759	97454	139258	315478	
A	124	3	15	23	28	34	38	
A	124	32916	64976	78816	100784	143499	316548	
A	125	3	15	23	28	34	38	
A	125	34040	63985	77698	99299	141354	316281	
A	126	3	15	23	28	34	38	
A	126	34977	64036	77079	98402	140181	315170	
A	127	3	15	23	28	34	38	
A	127	35811	64473	77373	98868	140650	315335	
A	128	3	15	23	28	34	38	
A	128	36983	63973	76187	97232	137919	315173	
A	129	3	15	23	28	34	38	
A	129	38671	66564	78672	99917	140364	316423	
A	130	3	15	23	28	34	38	
A	130	39752	70689	83520	105796	148089	315974	
A	131	3	15	23	28	34	38	
A	131	41369	73050	87422	110258	153585	315804	
A	132	3	15	23	28	34	38	
A	132	42417	75851	91093	114450	158921	313860	
A	133	3	15	23	28	34	38	
A	133	44378	78412	93740	117956	162649	315148	
A	134	3	15	23	28	34	38	
A	134	46180	78777	94627	118211	162995	315465	
A	135	3	15	23	28	34	38	
A	135	48146	80061	95447	119239	164178	315006	
A	136	3	15	23	28	34	38	
A	136	49965	80883	95825	119258	164342	316302	
A	137	3	15	23	28	34	38	
A	137	51733	81583	96143	119347	164464	315864	
A	138	3	15	23	28	34	38	
A	138	54201	81058	94645	117238	161324	315780	
A	139	3	15	23	28	34	38	
A	139	56799	84473	97346	119995	165045	316128	
A	140	3	15	23	28	34	38	
A	140	59702	86217	98769	121597	166457	315798	
A	141	3	15	23	28	34	38	
A	141	62612	93355	107124	130949	176414	313530	
A	142	3	15	23	28	34	38	
A	142	67076	94842	108510	131586	177477	314103	
A	143	3	15	23	28	34	38	
A	143	72034	99459	113637	136420	183308	314633	
A	144	3	15	23	28	34	38	
A	144	77422	104002	117401	140209	187216	313974	
A	145	3	15	23	28	34	38	
A	145	84206	110842	124987	147747	195505	314447	
A	146	3	15	23	28	34	38	
A	146	91489	113820	126656	148083	195909	314790	
A	147	3	15	23	28	34	38	
A	147	100232	118018	128506	148197	195327	314743	
A	148	3	15	23	28	34	38	
A	148	113777	125914	133848	151092	198017	315568	
A	149	3	15	23	28	34	38	
A	149	132629	136716	141605	153237	198565	314407	
A	150	3	23	28	34	38	
A	150	185956	205289	224117	258950	304374	
T	0	3	15	28	34	
T	0	1359	15109	31112	240611	
T	1	3	15	28	34	
T	1	1504	16817	39148	345803	
T	2	3	15	28	34	
T	2	1633	16882	35507	351199	
T	3	3	15	28	34	
T	3	1691	15617	31271	324575	
T	4	3	15	28	34	
T	4	1727	14226	28612	308307	
T	5	3	15	28	34	38	
T	5	1797	14449	26389	45874	303516	
T	6	3	15	23	28	34	38	
T	6	1935	15027	15037	27986	48466	323838	
T	7	3	15	23	28	34	38	
T	7	2088	14625	14643	27023	45862	311819	
T	8	3	15	23	28	34	38	
T	8	2245	14614	14629	27765	46043	317551	
T	9	3	15	23	28	34	38	
T	9	2259	15215	15255	28334	46837	313981	
T	10	3	15	23	28	34	38	
T	10	2341	14792	14837	27220	45633	314561	
T	11	3	15	23	28	34	38	
T	11	2387	15266	15323	28834	46689	313700	
T	12	3	15	23	28	34	38	
T	12	2423	14861	14938	27996	45372	315846	
T	13	3	15	23	28	34	38	
T	13	2567	15561	15677	28976	46640	315586	
T	14	3	15	23	28	34	38	
T	14	2556	14984	15100	28402	46053	316975	
T	15	3	15	23	28	34	38	
T	15	2754	15452	15602	29005	46701	316375	
T	16	3	15	23	28	34	38	
T	16	2774	15385	15649	28990	46474	317243	
T	17	3	15	23	28	34	38	
T	17	2857	15342	15555	28735	46171	317311	
T	18	3	15	23	28	34	38	
T	18	2901	16123	16396	30112	48238	316827	
T	19	3	15	23	28	34	38	
T	19	3044	15913	16181	29593	47285	316576	
T	20	3	15	23	28	34	38	
T	20	3070	15863	16210	29718	47325	317294	
T	21	3	15	23	28	34	38	
T	21	3050	15948	16288	29490	47231	314328	
T	22	3	15	23	28	34	38	
T	22	3164	15987	16378	29419	46857	316342	
T	23	3	15	23	28	34	38	
T	23	3342	16518	16879	30742	48465	317337	
T	24	3	15	23	28	34	38	
T	24	3419	16811	17197	31095	49160	315055	
T	25	3	15	23	28	34	38	
T	25	3493	16273	16619	30295	47933	315488	
T	26	3	15	23	28	34	38	
T	26	3663	17347	17759	31683	49933	316509	
T	27	3	15	23	28	34	38	
T	27	3645	16736	17094	30577	48228	316644	
T	28	3	15	23	28	34	38	
T	28	3664	16937	17298	31085	48901	315457	
T	29	3	15	23	28	34	38	
T	29	3677	17529	17892	31773	49645	316139	
T	30	3	15	23	28	34	38	
T	30	3912	17278	17643	31570	49396	315166	
T	31	3	15	23	28	34	38	
T	31	3893	17952	18340	32587	51058	315185	
T	32	3	15	23	28	34	38	
T	32	3835	17273	17645	31936	50243	315644	
T	33	3	15	23	28	34	38	
T	33	4085	17459	17851	31853	49728	315070	
T	34	3	15	23	28	34	38	
T	34	4061	17092	17471	31519	49579	316202	
T	35	3	15	23	28	34	38	
T	35	4122	17763	18141	32413	51036	316703	
T	36	3	15	23	28	34	38	
T	36	4247	18006	18339	32383	50486	314925	
T	37	3	15	23	28	34	38	
T	37	4300	17932	18344	32724	51199	315479	
T	38	3	15	23	28	34	38	
T	38	4270	18211	18626	32974	51420	316802	
T	39	3	15	23	28	34	38	
T	39	4450	18223	18648	33224	51959	315810	
T	40	3	15	23	28	34	38	
T	40	4451	18062	18485	32513	51051	314936	
T	41	3	15	23	28	34	38	
T	41	4595	18402	18845	33117	51423	316658	
T	42	3	15	23	28	34	38	
T	42	4741	18624	19013	33525	51977	314555	
T	43	3	15	23	28	34	38	
T	43	4745	18507	18880	33095	51292	314208	
T	44	3	15	23	28	34	38	
T	44	4845	19635	20113	34921	54064	315870	
T	45	3	15	23	28	34	38	
T	45	4857	18683	19136	33646	52144	315919	
T	46	3	15	23	28	34	38	
T	46	4859	19759	20188	34879	53958	314403	
T	47	3	15	23	28	34	38	
T	47	5001	19735	20166	35022	54103	315209	
T	48	3	15	23	28	34	38	
T	48	5218	20142	20576	35868	55283	315392	
T	49	3	15	23	28	34	38	
T	49	5241	20247	20668	36221	55740	315945	
T	50	3	15	23	28	34	38	
T	50	5429	20305	20834	36216	55897	316305	
T	51	3	15	23	28	34	38	
T	51	5505	19920	20354	35157	54459	315822	
T	52	3	15	23	28	34	38	
T	52	5719	20990	21448	36881	56794	316618	
T	53	3	15	23	28	34	38	
T	53	5690	20924	21384	36781	56570	316052	
T	54	3	15	23	28	34	38	
T	54	5781	21068	21557	37411	57192	314869	
T	55	3	15	23	28	34	38	
T	55	6173	21503	21987	37922	58038	316097	
T	56	3	15	23	28	34	38	
T	56	6153	21604	22138	38014	58555	316971	
T	57	3	15	23	28	34	38	
T	57	6161	21788	22327	38049	58358	315582	
T	58	3	15	23	28	34	38	
T	58	6346	21559	22129	37649	57865	316369	
T	59	3	15	23	28	34	38	
T	59	6637	22503	23075	39133	59917	318084	
T	60	3	15	23	28	34	38	
T	60	6642	22031	22603	38425	59161	316408	
T	61	3	15	23	28	34	38	
T	61	6612	22278	22978	38642	59020	315333	
T	62	3	15	23	28	34	38	
T	62	6629	23224	23853	40374	61616	316151	
T	63	3	15	23	28	34	38	
T	63	6755	23481	24315	40828	62311	315117	
T	64	3	15	23	28	34	38	
T	64	6855	22190	23155	38906	59794	315098	
T	65	3	15	23	28	34	38	
T	65	7107	23805	24847	40860	62174	316780	
T	66	3	15	23	28	34	38	
T	66	7090	23016	24050	40142	61519	316210	
T	67	3	15	23	28	34	38	
T	67	7230	23543	24629	40737	62002	314642	
T	68	3	15	23	28	34	38	
T	68	7639	24327	25481	41890	63611	316944	
T	69	3	15	23	28	34	38	
T	69	7804	24427	25613	42356	64515	316024	
T	70	3	15	23	28	34	38	
T	70	7783	25274	26509	43422	65972	315676	
T	71	3	15	23	28	34	38	
T	71	7935	25508	26773	43816	66639	316867	
T	72	3	15	23	28	34	38	
T	72	8184	25481	26841	44234	67313	316147	
T	73	3	15	23	28	34	38	
T	73	8395	25930	27305	44592	67578	315756	
T	74	3	15	23	28	34	38	
T	74	8497	25201	26515	43238	65757	316139	
T	75	3	15	23	28	34	38	
T	75	8624	25287	26604	42826	65480	314798	
T	76	3	15	23	28	34	38	
T	76	8846	25651	27140	43884	66630	315520	
T	77	3	15	23	28	34	38	
T	77	9039	26434	28007	44823	67785	315518	
T	78	3	15	23	28	34	38	
T	78	9197	27431	29009	46218	69826	314903	
T	79	3	15	23	28	34	38	
T	79	9638	27558	29312	46419	69863	315153	
T	80	3	15	23	28	34	38	
T	80	9663	28121	29873	47478	71389	316003	
T	81	3	15	23	28	34	38	
T	81	9989	28556	30310	47742	71775	315052	
T	82	3	15	23	28	34	38	
T	82	10122	28957	30907	49099	74001	316488	
T	83	3	15	23	28	34	38	
T	83	10294	29025	31172	49411	73768	315915	
T	84	3	15	23	28	34	38	
T	84	10397	29924	31988	50050	75493	316170	
T	85	3	15	23	28	34	38	
T	85	10921	30029	32346	50401	75584	315501	
T	86	3	15	23	28	34	38	
T	86	11021	29573	31950	49589	74382	316082	
T	87	3	15	23	28	34	38	
T	87	11187	29342	31896	48745	72843	314933	
T	88	3	15	23	28	34	38	
T	88	11323	29508	32070	49041	73379	315334	
T	89	3	15	23	28	34	38	
T	89	11636	31618	34265	52274	78302	315658	
T	90	3	15	23	28	34	38	
T	90	12175	31987	34705	52892	78805	315026	
T	91	3	15	23	28	34	38	
T	91	12287	32904	36386	54519	81021	315296	
T	92	3	15	23	28	34	38	
T	92	12727	32214	35869	53477	79420	314742	
T	93	3	15	23	28	34	38	
T	93	12835	31730	35581	52454	83016	316227	
T	94	3	15	23	28	34	38	
T	94	13139	31858	35858	52654	83166	316715	
T	95	3	15	23	28	34	38	
T	95	13663	32967	37094	53883	82498	316834	
T	96	3	15	23	28	34	38	
T	96	14153	34711	39081	56263	85609	315521	
T	97	3	15	23	28	34	38	
T	97	14378	34724	39329	56300	83195	315589	
T	98	3	15	23	28	34	38	
T	98	14655	35339	40272	57906	93152	316250	
T	99	3	15	23	28	34	38	
T	99	15117	35885	41054	58407	97145	315364	
T	100	3	15	23	28	34	38	
T	100	15710	36883	42316	59389	97286	315237	
T	101	3	15	23	28	34	38	
T	101	16019	38317	44220	62511	103122	316368	
T	102	3	15	23	28	34	38	
T	102	16483	39148	45346	63272	102886	315620	
T	103	3	15	23	28	34	38	
T	103	16821	40333	46810	64621	105946	314840	
T	104	3	15	23	28	34	38	
T	104	17346	40373	47370	65407	107422	315627	
T	105	3	15	23	28	34	38	
T	105	17723	40502	47850	65402	107237	315263	
T	106	3	15	23	28	34	38	
T	106	18386	40929	50074	66876	106783	314768	
T	107	3	15	23	28	34	38	
T	107	18716	42248	52654	68960	107880	315153	
T	108	3	15	23	28	34	38	
T	108	19441	42487	52913	68534	107587	314384	
T	109	3	15	23	28	34	38	
T	109	19629	44089	53363	70051	112036	313708	
T	110	3	15	23	28	34	38	
T	110	20741	46244	56991	74263	116561	315430	
T	111	3	15	23	28	34	38	
T	111	21033	45511	58300	75145	114279	314551	
T	112	3	15	23	28	34	38	
T	112	21851	45808	58200	74321	113082	314880	
T	113	3	15	23	28	34	38	
T	113	22563	48051	60555	77498	117156	314952	
T	114	3	15	23	28	34	38	
T	114	23034	50529	64033	81756	122092	313698	
T	115	3	15	23	28	34	38	
T	115	23672	50934	64398	82190	124608	313723	
T	116	3	15	23	28	34	38	
T	116	24491	51296	65615	83716	124451	314838	
T	117	3	15	23	28	34	38	
T	117	25343	50668	64494	81858	122049	314830	
T	118	3	15	23	28	34	38	
T	118	26074	50962	64491	81863	121976	315230	
T	119	3	15	23	28	34	38	
T	119	26596	52207	65581	83289	123527	314687	
T	120	3	15	23	28	34	38	
T	120	27384	52828	66781	84375	125044	314495	
T	121	3	15	23	28	34	38	
T	121	28046	54403	68146	86110	127146	314210	
T	122	3	15	23	28	34	38	
T	122	29384	56785	70994	89131	130799	315065	
T	123	3	15	23	28	34	38	
T	123	29835	57609	72371	91049	133029	313974	
T	124	3	15	23	28	34	38	
T	124	30946	59797	75559	94926	137844	314166	
T	125	3	15	23	28	34	38	
T	125	31690	58683	74369	93316	135878	314240	
T	126	3	15	23	28	34	38	
T	126	32629	59271	74454	93231	135276	313926	
T	127	3	15	23	28	34	38	
T	127	33765	59917	74647	93466	135646	314095	
T	128	3	15	23	28	34	38	
T	128	35307	59825	74266	92549	134691	315925	
T	129	3	15	23	28	34	38	
T	129	35934	61493	75123	93768	135589	313760	
T	130	3	15	23	28	34	38	
T	130	37399	65228	79939	99349	142473	313989	
T	131	3	15	23	28	34	38	
T	131	39243	68054	84498	104575	149162	314243	
T	132	3	15	23	28	34	38	
T	132	40849	70248	87045	107257	152307	315253	
T	133	3	15	23	28	34	38	
T	133	42019	73105	90779	111670	158315	314359	
T	134	3	15	23	28	34	38	
T	134	43482	73100	90775	111334	157626	314766	
T	135	3	15	23	28	34	38	
T	135	44984	73221	90374	110613	157114	313915	
T	136	3	15	23	28	34	38	
T	136	46967	74717	91632	111753	158470	313479	
T	137	3	15	23	28	34	38	
T	137	49167	75264	91526	111465	158436	314613	
T	138	3	15	23	28	34	38	
T	138	50673	74718	89727	109118	155457	313696	
T	139	3	15	23	28	34	38	
T	139	53266	77862	92368	112148	159034	313499	
T	140	3	15	23	28	34	38	
T	140	56585	80409	94535	114170	160973	314195	
T	141	3	15	23	28	34	38	
T	141	59943	86615	101593	121977	169532	312524	
T	142	3	15	23	28	34	38	
T	142	63643	89359	104939	124892	173555	313477	
T	143	3	15	23	28	34	38	
T	143	68213	93201	109121	128844	178442	313647	
T	144	3	15	23	28	34	38	
T	144	73334	97484	112922	132624	182425	312887	
T	145	3	15	23	28	34	38	
T	145	79150	102723	118544	138198	188656	312662	
T	146	3	15	23	28	34	38	
T	146	86003	105972	120732	139170	189661	312283	
T	147	3	15	23	28	34	38	
T	147	94893	110382	122325	139261	189564	312658	
T	148	3	15	23	28	34	38	
T	148	106869	118096	127083	142569	191572	311917	
T	149	3	15	23	28	34	38	
T	149	125433	129705	135731	146463	194294	312650	
T	150	3	23	28	34	38	
T	150	179337	199249	214568	252023	306464	
G	0	3	15	28	34	
G	0	1781	18455	35318	274368	
G	1	3	15	28	34	
G	1	1254	11694	20786	165133	
G	2	3	15	28	34	
G	2	1242	10649	19304	166748	
G	3	3	15	28	34	
G	3	1410	11137	19953	184133	
G	4	3	15	28	34	
G	4	1472	11376	19922	181361	
G	5	3	15	23	28	34	38	
G	5	1516	11628	11631	19852	32558	180413	
G	6	3	15	23	28	34	38	
G	6	1631	11041	11045	19040	31458	182546	
G	7	3	15	23	28	34	38	
G	7	1557	11106	11117	19749	32151	185393	
G	8	3	15	23	28	34	38	
G	8	1592	11508	11531	19950	31855	180460	
G	9	3	15	23	28	34	38	
G	9	1691	11144	11178	19618	31550	183252	
G	10	3	15	23	28	34	38	
G	10	1701	11528	11588	19872	31936	181618	
G	11	3	15	23	28	34	38	
G	11	1795	11403	11480	19987	31578	182108	
G	12	3	15	23	28	34	38	
G	12	1924	11749	11836	20609	32275	183206	
G	13	3	15	23	28	34	38	
G	13	1903	11750	11896	20449	32078	182062	
G	14	3	15	23	28	34	38	
G	14	1936	11418	11584	19996	31566	180920	
G	15	3	15	23	28	34	38	
G	15	2086	11917	12168	20853	32763	182863	
G	16	3	15	23	28	34	38	
G	16	2173	11628	11865	20208	31996	181721	
G	17	3	15	23	28	34	38	
G	17	2191	11862	12229	20668	32482	181538	
G	18	3	15	23	28	34	38	
G	18	2196	12050	12421	20836	32876	181340	
G	19	3	15	23	28	34	38	
G	19	2282	11785	12187	20602	32264	181061	
G	20	3	15	23	28	34	38	
G	20	2374	12164	12612	21275	32937	181912	
G	21	3	15	23	28	34	38	
G	21	2360	12422	12929	21371	33523	183500	
G	22	3	15	23	28	34	38	
G	22	2368	12337	12923	21260	33129	181350	
G	23	3	15	23	28	34	38	
G	23	2499	12037	12633	20811	32462	180974	
G	24	3	15	23	28	34	38	
G	24	2584	12481	13140	21703	33734	181575	
G	25	3	15	23	28	34	38	
G	25	2710	12270	12968	21576	33600	182459	
G	26	3	15	23	28	34	38	
G	26	2598	12708	13362	22049	34280	182113	
G	27	3	15	23	28	34	38	
G	27	2698	12706	13421	21812	33784	181724	
G	28	3	15	23	28	34	38	
G	28	2732	13013	13717	22298	34416	181717	
G	29	3	15	23	28	34	38	
G	29	2767	13208	13934	22599	34860	182637	
G	30	3	15	23	28	34	38	
G	30	2838	13627	14367	23276	35691	183882	
G	31	3	15	23	28	34	38	
G	31	2819	13064	13774	22667	35040	182299	
G	32	3	15	23	28	34	38	
G	32	2882	12549	13303	22029	34328	181968	
G	33	3	15	23	28	34	38	
G	33	3077	13352	14082	22850	35373	182976	
G	34	3	15	23	28	34	38	
G	34	3025	13171	13879	22584	34905	181877	
G	35	3	15	23	28	34	38	
G	35	3048	12818	13497	22058	34495	181292	
G	36	3	15	23	28	34	38	
G	36	3150	13353	14116	23009	35747	184557	
G	37	3	15	23	28	34	38	
G	37	3091	13475	14217	23235	36081	182598	
G	38	3	15	23	28	34	38	
G	38	3253	13728	14482	23301	36284	182397	
G	39	3	15	23	28	34	38	
G	39	3364	13906	14722	23982	37119	183790	
G	40	3	15	23	28	34	38	
G	40	3291	13917	14582	23542	36339	182240	
G	41	3	15	23	28	34	38	
G	41	3359	13721	14456	23476	36472	182246	
G	42	3	15	23	28	34	38	
G	42	3527	14337	15117	24461	37944	185875	
G	43	3	15	23	28	34	38	
G	43	3512	14289	15013	24373	37642	183617	
G	44	3	15	23	28	34	38	
G	44	3549	14132	14865	23954	37059	181420	
G	45	3	15	23	28	34	38	
G	45	3724	13988	14722	23985	37059	182999	
G	46	3	15	23	28	34	38	
G	46	3817	14601	15401	24788	38098	182988	
G	47	3	15	23	28	34	38	
G	47	3741	14528	15288	24703	38098	181828	
G	48	3	15	23	28	34	38	
G	48	3910	14746	15535	25095	38581	183012	
G	49	3	15	23	28	34	38	
G	49	4066	15380	16163	26052	39815	183352	
G	50	3	15	23	28	34	38	
G	50	4121	14419	15195	24447	37667	182444	
G	51	3	15	23	28	34	38	
G	51	4054	14592	15369	24735	37926	182880	
G	52	3	15	23	28	34	38	
G	52	4131	15701	16500	26127	40080	182556	
G	53	3	15	23	28	34	38	
G	53	4273	15215	15949	25586	39247	182328	
G	54	3	15	23	28	34	38	
G	54	4324	15678	16508	26421	40469	183740	
G	55	3	15	23	28	34	38	
G	55	4319	15575	16380	25995	39815	183245	
G	56	3	15	23	28	34	38	
G	56	4566	15854	16686	26625	40717	182599	
G	57	3	15	23	28	34	38	
G	57	4796	15944	16857	26563	40818	183448	
G	58	3	15	23	28	34	38	
G	58	4729	15637	16477	26118	40067	182274	
G	59	3	15	23	28	34	38	
G	59	4731	15898	16777	26512	40650	181286	
G	60	3	15	23	28	34	38	
G	60	4848	16137	16965	27018	41640	183534	
G	61	3	15	23	28	34	38	
G	61	4998	16356	17367	27255	41687	183258	
G	62	3	15	23	28	34	38	
G	62	5019	16779	17711	27765	42468	183690	
G	63	3	15	23	28	34	38	
G	63	5219	17458	18705	28963	44352	183478	
G	64	3	15	23	28	34	38	
G	64	5169	16189	17608	26991	41550	182279	
G	65	3	15	23	28	34	38	
G	65	5238	16942	18384	28081	42698	181899	
G	66	3	15	23	28	34	38	
G	66	5400	17019	18389	28065	43016	182764	
G	67	3	15	23	28	34	38	
G	67	5510	17124	18484	27988	42777	181950	
G	68	3	15	23	28	34	38	
G	68	5706	17248	18609	28424	43378	182421	
G	69	3	15	23	28	34	38	
G	69	5838	17803	19249	29174	44623	183738	
G	70	3	15	23	28	34	38	
G	70	5915	18267	19707	29780	45264	182564	
G	71	3	15	23	28	34	38	
G	71	6001	18427	19954	30338	46262	182467	
G	72	3	15	23	28	34	38	
G	72	6239	18891	20524	31160	47160	183973	
G	73	3	15	23	28	34	38	
G	73	6342	18923	20625	31059	46878	183082	
G	74	3	15	23	28	34	38	
G	74	6409	18572	20191	30411	46292	182305	
G	75	3	15	23	28	34	38	
G	75	6483	18309	19892	30250	46303	183284	
G	76	3	15	23	28	34	38	
G	76	6774	19318	20907	31050	47144	183326	
G	77	3	15	23	28	34	38	
G	77	6857	19124	20836	30987	46857	183067	
G	78	3	15	23	28	34	38	
G	78	7040	20111	21888	32462	49168	184402	
G	79	3	15	23	28	34	38	
G	79	7044	19754	21506	31974	48340	183135	
G	80	3	15	23	28	34	38	
G	80	7399	19980	21830	32188	48692	183062	
G	81	3	15	23	28	34	38	
G	81	7611	21230	23097	34067	51078	184118	
G	82	3	15	23	28	34	38	
G	82	7790	21526	23539	34651	51955	184106	
G	83	3	15	23	28	34	38	
G	83	7822	20968	22982	33817	50432	182478	
G	84	3	15	23	28	34	38	
G	84	7880	21289	23345	34159	51180	184051	
G	85	3	15	23	28	34	38	
G	85	8272	21806	23940	35077	52534	184000	
G	86	3	15	23	28	34	38	
G	86	8465	21230	23393	34204	51249	184646	
G	87	3	15	23	28	34	38	
G	87	8681	21274	23515	34161	50801	184592	
G	88	3	15	23	28	34	38	
G	88	8891	21992	24118	34576	51256	184132	
G	89	3	15	23	28	34	38	
G	89	9090	22859	25197	36240	53858	183594	
G	90	3	15	23	28	34	38	
G	90	9139	23196	25688	36913	54926	184001	
G	91	3	15	23	28	34	38	
G	91	9310	24005	26690	38160	56449	184599	
G	92	3	15	23	28	34	38	
G	92	9648	23861	26680	37838	55793	184385	
G	93	3	15	23	28	34	38	
G	93	9935	22995	25954	36800	56809	184921	
G	94	3	15	23	28	34	38	
G	94	10118	23505	26289	36929	57287	184036	
G	95	3	15	23	28	34	38	
G	95	10498	24260	27129	37707	56545	183739	
G	96	3	15	23	28	34	38	
G	96	10719	25136	28390	39665	59497	184804	
G	97	3	15	23	28	34	38	
G	97	11036	24985	28286	39299	57696	184474	
G	98	3	15	23	28	34	38	
G	98	11408	26064	29474	40592	63334	183933	
G	99	3	15	23	28	34	38	
G	99	11560	26049	29670	40896	65562	183743	
G	100	3	15	23	28	34	38	
G	100	11789	26965	30675	42252	66749	184348	
G	101	3	15	23	28	34	38	
G	101	12400	27684	31623	43548	69244	184145	
G	102	3	15	23	28	34	38	
G	102	12402	28086	32211	43893	69266	183977	
G	103	3	15	23	28	34	38	
G	103	12806	28373	32655	44228	69743	183381	
G	104	3	15	23	28	34	38	
G	104	13254	29184	33670	45325	71771	183964	
G	105	3	15	23	28	34	38	
G	105	13751	29299	34020	45655	72348	184527	
G	106	3	15	23	28	34	38	
G	106	14243	30367	35703	47641	72447	184911	
G	107	3	15	23	28	34	38	
G	107	14696	30808	36367	48228	71749	183941	
G	108	3	15	23	28	34	38	
G	108	15224	31465	36980	48941	72371	185337	
G	109	3	15	23	28	34	38	
G	109	15619	32406	37544	49341	75248	184522	
G	110	3	15	23	28	34	38	
G	110	15805	33729	39664	52106	77960	184134	
G	111	3	15	23	28	34	38	
G	111	16665	34435	41092	54288	77505	185145	
G	112	3	15	23	28	34	38	
G	112	16757	33731	40051	52914	75856	184179	
G	113	3	15	23	28	34	38	
G	113	17293	35709	41952	55247	78400	183917	
G	114	3	15	23	28	34	38	
G	114	17960	38101	44692	58603	82490	185080	
G	115	3	15	23	28	34	38	
G	115	18233	37838	44739	58244	83438	183725	
G	116	3	15	23	28	34	38	
G	116	18743	37825	44756	58827	82570	183759	
G	117	3	15	23	28	34	38	
G	117	19494	37471	44471	58098	81575	183939	
G	118	3	15	23	28	34	38	
G	118	19981	37498	44088	57262	80500	183256	
G	119	3	15	23	28	34	38	
G	119	20586	38701	45135	58886	82221	184787	
G	120	3	15	23	28	34	38	
G	120	21046	38832	45400	59153	82457	184095	
G	121	3	15	23	28	34	38	
G	121	22002	40526	47356	61418	85078	184373	
G	122	3	15	23	28	34	38	
G	122	22331	41829	48733	62997	86732	184172	
G	123	3	15	23	28	34	38	
G	123	22995	42685	49709	64237	88438	185322	
G	124	3	15	23	28	34	38	
G	124	23390	43543	51135	65933	90363	183727	
G	125	3	15	23	28	34	38	
G	125	24474	43586	51221	65882	90298	184550	
G	126	3	15	23	28	34	38	
G	126	25083	43530	50531	65003	89270	184854	
G	127	3	15	23	28	34	38	
G	127	25854	44016	51183	65445	89818	185104	
G	128	3	15	23	28	34	38	
G	128	26305	42713	49402	63073	87023	183928	
G	129	3	15	23	28	34	38	
G	129	27368	44082	50543	64573	88321	185508	
G	130	3	15	23	28	34	38	
G	130	28142	46645	53455	68108	92522	184755	
G	131	3	15	23	28	34	38	
G	131	29154	48838	56291	71222	96013	184268	
G	132	3	15	23	28	34	38	
G	132	30469	50358	57998	73043	98255	184704	
G	133	3	15	23	28	34	38	
G	133	31649	52309	60436	75998	101521	184515	
G	134	3	15	23	28	34	38	
G	134	32534	52762	60808	76182	101823	183897	
G	135	3	15	23	28	34	38	
G	135	33655	52845	60844	76055	102070	184655	
G	136	3	15	23	28	34	38	
G	136	34536	53590	61319	76503	102507	184085	
G	137	3	15	23	28	34	38	
G	137	36061	53338	60604	75661	101472	184299	
G	138	3	15	23	28	34	38	
G	138	37758	53869	60647	75109	100816	184993	
G	139	3	15	23	28	34	38	
G	139	39573	55706	62362	76785	102835	184347	
G	140	3	15	23	28	34	38	
G	140	41258	56663	63087	77080	103063	183878	
G	141	3	15	23	28	34	38	
G	141	44341	61264	67778	82545	108445	186160	
G	142	3	15	23	28	34	38	
G	142	46721	63142	69959	84763	111116	185427	
G	143	3	15	23	28	34	38	
G	143	49947	65930	72872	87436	113746	184571	
G	144	3	15	23	28	34	38	
G	144	53672	68740	75373	89481	116037	184280	
G	145	3	15	23	28	34	38	
G	145	58000	72600	79118	93347	120020	185310	
G	146	3	15	23	28	34	38	
G	146	62367	74688	80821	94289	120914	184733	
G	147	3	15	23	28	34	38	
G	147	67624	77087	81955	94038	120391	184665	
G	148	3	15	23	28	34	38	
G	148	75665	81986	85494	95755	121967	185624	
G	149	3	15	23	28	34	38	
G	149	88452	90175	91906	98284	123321	185708	
G	150	3	23	28	34	38	
G	150	128450	136541	149266	166496	189235	
C	0	3	15	28	34	
C	0	1314	12568	23468	210188	
C	1	3	15	28	34	
C	1	1052	10326	18405	165083	
C	2	3	15	28	34	
C	2	1231	9434	17141	165494	
C	3	3	15	28	34	
C	3	1293	10285	18229	179374	
C	4	3	15	28	34	
C	4	1354	9923	17531	176411	
C	5	3	15	28	34	38	
C	5	1387	9673	16426	27373	177154	
C	6	3	15	28	34	38	
C	6	1551	10020	17199	28466	184350	
C	7	3	15	23	28	34	38	
C	7	1607	10019	10022	17334	28157	181184	
C	8	3	15	23	28	34	38	
C	8	1658	9915	9925	17018	27204	178075	
C	9	3	15	23	28	34	38	
C	9	1683	9768	9784	17037	27217	176305	
C	10	3	15	23	28	34	38	
C	10	1813	10285	10320	17445	27834	178163	
C	11	3	15	23	28	34	38	
C	11	1774	10325	10362	17801	28040	177287	
C	12	3	15	23	28	34	38	
C	12	1867	10191	10256	17418	27499	177601	
C	13	3	15	23	28	34	38	
C	13	1912	10679	10757	18062	28238	177098	
C	14	3	15	23	28	34	38	
C	14	1993	10689	10787	18462	28679	178966	
C	15	3	15	23	28	34	38	
C	15	1972	10509	10636	18037	28099	178732	
C	16	3	15	23	28	34	38	
C	16	2042	10746	10893	18463	28909	178627	
C	17	3	15	23	28	34	38	
C	17	2083	10476	10655	17859	28231	178159	
C	18	3	15	23	28	34	38	
C	18	2253	11184	11381	18871	29439	181058	
C	19	3	15	23	28	34	38	
C	19	2119	10918	11174	18551	28911	179065	
C	20	3	15	23	28	34	38	
C	20	2276	10546	10822	18080	28316	177978	
C	21	3	15	23	28	34	38	
C	21	2362	11318	11624	19132	29574	180754	
C	22	3	15	23	28	34	38	
C	22	2460	11083	11405	18825	29194	180056	
C	23	3	15	23	28	34	38	
C	23	2541	10927	11293	18808	29248	178890	
C	24	3	15	23	28	34	38	
C	24	2625	11376	11737	19525	30240	182322	
C	25	3	15	23	28	34	38	
C	25	2608	11411	11764	19414	30020	179705	
C	26	3	15	23	28	34	38	
C	26	2603	11495	11843	19542	30125	179775	
C	27	3	15	23	28	34	38	
C	27	2663	11363	11702	19348	29883	179904	
C	28	3	15	23	28	34	38	
C	28	2698	11626	11992	19538	30268	180381	
C	29	3	15	23	28	34	38	
C	29	2761	11739	12118	19717	30325	180266	
C	30	3	15	23	28	34	38	
C	30	2854	11977	12357	20307	30908	180977	
C	31	3	15	23	28	34	38	
C	31	2921	12151	12501	20312	31098	180342	
C	32	3	15	23	28	34	38	
C	32	2901	11739	12100	19894	30712	181181	
C	33	3	15	23	28	34	38	
C	33	2923	11797	12138	19763	30279	180543	
C	34	3	15	23	28	34	38	
C	34	3007	12143	12495	20280	31019	180300	
C	35	3	15	23	28	34	38	
C	35	3204	12269	12630	20416	31250	182028	
C	36	3	15	23	28	34	38	
C	36	3211	12705	13048	21068	31910	181891	
C	37	3	15	23	28	34	38	
C	37	3280	12214	12569	20442	31429	182124	
C	38	3	15	23	28	34	38	
C	38	3279	12774	13137	20965	32131	180369	
C	39	3	15	23	28	34	38	
C	39	3309	12672	13002	21028	32077	181647	
C	40	3	15	23	28	34	38	
C	40	3433	12600	12949	21038	32028	181372	
C	41	3	15	23	28	34	38	
C	41	3356	12571	12943	20797	31819	180588	
C	42	3	15	23	28	34	38	
C	42	3495	12505	12858	20660	31661	180306	
C	43	3	15	23	28	34	38	
C	43	3613	13029	13410	21529	32919	181347	
C	44	3	15	23	28	34	38	
C	44	3603	13028	13403	21537	32826	181752	
C	45	3	15	23	28	34	38	
C	45	3715	13154	13575	21800	33111	182011	
C	46	3	15	23	28	34	38	
C	46	3785	13064	13452	21366	32654	180650	
C	47	3	15	23	28	34	38	
C	47	3925	13752	14152	22511	34119	181861	
C	48	3	15	23	28	34	38	
C	48	4050	14056	14502	23169	34653	182652	
C	49	3	15	23	28	34	38	
C	49	3970	13587	14017	22415	34078	181624	
C	50	3	15	23	28	34	38	
C	50	4192	13394	13813	22309	33665	182315	
C	51	3	15	23	28	34	38	
C	51	4299	13528	13928	22110	33661	181268	
C	52	3	15	23	28	34	38	
C	52	4379	14188	14579	22946	34766	181228	
C	53	3	15	23	28	34	38	
C	53	4469	14655	15083	23851	35764	182063	
C	54	3	15	23	28	34	38	
C	54	4445	14168	14599	23073	34908	181264	
C	55	3	15	23	28	34	38	
C	55	4673	14712	15144	23755	35718	181378	
C	56	3	15	23	28	34	38	
C	56	4648	14812	15280	24249	36217	181340	
C	57	3	15	23	28	34	38	
C	57	4755	14843	15321	24281	36627	182307	
C	58	3	15	23	28	34	38	
C	58	4809	14742	15240	23964	36069	181783	
C	59	3	15	23	28	34	38	
C	59	4928	14901	15447	24086	36402	181578	
C	60	3	15	23	28	34	38	
C	60	4925	14797	15299	24133	36527	182117	
C	61	3	15	23	28	34	38	
C	61	5223	15746	16360	25213	37872	183032	
C	62	3	15	23	28	34	38	
C	62	5222	15769	16316	25436	38148	181940	
C	63	3	15	23	28	34	38	
C	63	5392	16171	16884	26075	38883	183086	
C	64	3	15	23	28	34	38	
C	64	5405	15563	16382	25198	37870	182688	
C	65	3	15	23	28	34	38	
C	65	5371	15858	16654	25457	38342	182185	
C	66	3	15	23	28	34	38	
C	66	5688	16086	16960	25753	38522	182825	
C	67	3	15	23	28	34	38	
C	67	5839	16116	16999	25715	38664	182893	
C	68	3	15	23	28	34	38	
C	68	5701	16078	16971	25954	39048	182084	
C	69	3	15	23	28	34	38	
C	69	5975	16577	17492	26590	39621	182709	
C	70	3	15	23	28	34	38	
C	70	6060	17198	18085	27346	40808	183095	
C	71	3	15	23	28	34	38	
C	71	6154	17082	18089	27342	40848	181472	
C	72	3	15	23	28	34	38	
C	72	6270	17246	18278	27724	41323	182810	
C	73	3	15	23	28	34	38	
C	73	6669	17637	18669	28136	42023	182894	
C	74	3	15	23	28	34	38	
C	74	6640	17280	18324	27634	41377	183105	
C	75	3	15	23	28	34	38	
C	75	6704	17447	18477	27509	41164	183841	
C	76	3	15	23	28	34	38	
C	76	6995	17860	18946	28072	41751	182332	
C	77	3	15	23	28	34	38	
C	77	7110	17995	19166	28540	42305	182548	
C	78	3	15	23	28	34	38	
C	78	7199	18601	19800	29390	43575	182614	
C	79	3	15	23	28	34	38	
C	79	7363	18414	19672	29066	43195	183577	
C	80	3	15	23	28	34	38	
C	80	7551	18980	20259	29967	44214	183168	
C	81	3	15	23	28	34	38	
C	81	7642	19370	20678	30466	44901	183013	
C	82	3	15	23	28	34	38	
C	82	7802	19734	21186	31067	45672	181334	
C	83	3	15	23	28	34	38	
C	83	8058	19906	21388	30983	45739	183804	
C	84	3	15	23	28	34	38	
C	84	8195	20108	21614	31407	46251	183077	
C	85	3	15	23	28	34	38	
C	85	8212	19984	21537	31507	46518	182454	
C	86	3	15	23	28	34	38	
C	86	8418	19525	21166	30856	45485	181705	
C	87	3	15	23	28	34	38	
C	87	8700	19640	21392	30498	45212	183126	
C	88	3	15	23	28	34	38	
C	88	8982	20477	22209	31497	46206	182940	
C	89	3	15	23	28	34	38	
C	89	9107	21548	23389	33105	48366	183103	
C	90	3	15	23	28	34	38	
C	90	9310	21741	23630	33718	49675	183919	
C	91	3	15	23	28	34	38	
C	91	9523	22361	24567	34486	50146	183013	
C	92	3	15	23	28	34	38	
C	92	9791	21996	24393	34349	50079	183069	
C	93	3	15	23	28	34	38	
C	93	9866	21503	23851	33379	51638	182415	
C	94	3	15	23	28	34	38	
C	94	10268	21953	24390	33816	51737	183173	
C	95	3	15	23	28	34	38	
C	95	10490	22473	24959	34204	51243	183202	
C	96	3	15	23	28	34	38	
C	96	10544	23395	26033	35638	53095	182723	
C	97	3	15	23	28	34	38	
C	97	11047	23348	26253	35732	52023	182702	
C	98	3	15	23	28	34	38	
C	98	11286	23984	26846	36537	57299	183499	
C	99	3	15	23	28	34	38	
C	99	11744	24292	27411	36922	59665	184076	
C	100	3	15	23	28	34	38	
C	100	11715	24721	27974	37929	60385	182898	
C	101	3	15	23	28	34	38	
C	101	12146	25623	29176	39121	62832	183126	
C	102	3	15	23	28	34	38	
C	102	12724	26220	29902	39927	63143	184624	
C	103	3	15	23	28	34	38	
C	103	13103	27321	31190	41162	65312	183689	
C	104	3	15	23	28	34	38	
C	104	13443	27272	31290	41231	65749	183568	
C	105	3	15	23	28	34	38	
C	105	13537	26881	31115	40815	65327	182960	
C	106	3	15	23	28	34	38	
C	106	14163	28113	33164	43296	66020	183426	
C	107	3	15	23	28	34	38	
C	107	14647	29210	34814	45082	66835	183566	
C	108	3	15	23	28	34	38	
C	108	14800	29205	34870	45067	66850	182385	
C	109	3	15	23	28	34	38	
C	109	15561	29810	34719	44370	68545	183831	
C	110	3	15	23	28	34	38	
C	110	16046	31498	37288	47486	71217	183276	
C	111	3	15	23	28	34	38	
C	111	16393	31208	37836	49169	70423	183820	
C	112	3	15	23	28	34	38	
C	112	16669	31544	37829	49000	70130	183731	
C	113	3	15	23	28	34	38	
C	113	17408	33057	39363	50685	71796	183496	
C	114	3	15	23	28	34	38	
C	114	18078	34997	42070	54058	75715	184533	
C	115	3	15	23	28	34	38	
C	115	18371	34966	42055	53470	76894	184484	
C	116	3	15	23	28	34	38	
C	116	18851	34815	42033	54098	76273	183883	
C	117	3	15	23	28	34	38	
C	117	19439	34952	42109	53797	75974	184773	
C	118	3	15	23	28	34	38	
C	118	19699	35186	41810	53347	75019	184046	
C	119	3	15	23	28	34	38	
C	119	20531	35873	42458	53984	75644	183505	
C	120	3	15	23	28	34	38	
C	120	21000	36186	42889	54679	76338	184264	
C	121	3	15	23	28	34	38	
C	121	21880	37727	44744	56842	79090	184054	
C	122	3	15	23	28	34	38	
C	122	22440	38618	45606	57746	79815	184282	
C	123	3	15	23	28	34	38	
C	123	22955	39906	47382	59915	82469	184057	
C	124	3	15	23	28	34	38	
C	124	23954	41283	48987	61590	84545	184575	
C	125	3	15	23	28	34	38	
C	125	24190	40846	48583	61330	84426	183875	
C	126	3	15	23	28	34	38	
C	126	25042	41151	48589	61068	84078	185034	
C	127	3	15	23	28	34	38	
C	127	25789	41643	49007	61357	84218	184423	
C	128	3	15	23	28	34	38	
C	128	26298	40862	47871	59743	82298	183939	
C	129	3	15	23	28	34	38	
C	129	27146	41959	48746	60872	83216	183297	
C	130	3	15	23	28	34	38	
C	130	28485	44740	52004	64511	87352	183922	
C	131	3	15	23	28	34	38	
C	131	29269	46176	54051	66702	90169	184403	
C	132	3	15	23	28	34	38	
C	132	30894	48547	57146	70110	94250	185259	
C	133	3	15	23	28	34	38	
C	133	31731	49945	58714	72157	96578	184884	
C	134	3	15	23	28	34	38	
C	134	33094	50193	59203	72328	96740	184953	
C	135	3	15	23	28	34	38	
C	135	34280	50856	59440	72579	97656	185581	
C	136	3	15	23	28	34	38	
C	136	35121	51524	59933	73150	98058	184866	
C	137	3	15	23	28	34	38	
C	137	36240	51183	59414	72222	97126	184097	
C	138	3	15	23	28	34	38	
C	138	37782	51757	59048	71546	96451	184420	
C	139	3	15	23	28	34	38	
C	139	39565	53446	60524	72901	97795	184864	
C	140	3	15	23	28	34	38	
C	140	41861	55104	62132	74459	99531	184911	
C	141	3	15	23	28	34	38	
C	141	45086	59967	67430	79913	104817	186794	
C	142	3	15	23	28	34	38	
C	142	47334	61031	68737	80958	106889	185784	
C	143	3	15	23	28	34	38	
C	143	50407	63943	71621	83935	109663	185841	
C	144	3	15	23	28	34	38	
C	144	54866	67434	74829	86978	113340	187725	
C	145	3	15	23	28	34	38	
C	145	59190	71299	78540	90321	116593	186006	
C	146	3	15	23	28	34	38	
C	146	63311	73261	80164	91336	117845	187025	
C	147	3	15	23	28	34	38	
C	147	68156	75694	81064	91066	117500	186983	
C	148	3	15	23	28	34	38	
C	148	75142	80345	84293	92782	118392	185546	
C	149	3	15	23	28	34	38	
C	149	87069	88419	90178	94819	119055	186105	
C	150	3	23	28	34	38	
C	150	129899	139424	153023	173983	198593	
N	0	
N	0	
N	1	3	
N	1	2571	
N	2	3	
N	2	3041	
N	3	3	
N	3	3030	
N	4	3	
N	4	3340	
N	5	3	
N	5	1950	
N	6	3	
N	6	1764	
N	7	3	
N	7	1707	
N	8	3	
N	8	1633	
N	9	3	
N	9	1636	
N	10	3	
N	10	1603	
N	11	3	
N	11	1427	
N	12	3	
N	12	1464	
N	13	3	
N	13	1800	
N	14	3	
N	14	1497	
N	15	3	
N	15	1614	
N	16	3	
N	16	1616	
N	17	3	
N	17	1609	
N	18	3	
N	18	1421	
N	19	3	
N	19	1427	
N	20	3	
N	20	1305	
N	21	3	
N	21	1475	
N	22	3	
N	22	1465	
N	23	3	
N	23	900	
N	24	3	
N	24	1172	
N	25	3	
N	25	865	
N	26	3	
N	26	1151	
N	27	3	
N	27	1155	
N	28	3	
N	28	1483	
N	29	3	
N	29	1436	
N	30	3	
N	30	1069	
N	31	3	
N	31	964	
N	32	3	
N	32	1222	
N	33	3	
N	33	829	
N	34	3	
N	34	976	
N	35	3	
N	35	826	
N	36	3	
N	36	906	
N	37	3	
N	37	1112	
N	38	3	
N	38	1167	
N	39	3	
N	39	616	
N	40	3	
N	40	1023	
N	41	3	
N	41	1032	
N	42	3	
N	42	937	
N	43	3	
N	43	863	
N	44	3	
N	44	1218	
N	45	3	
N	45	821	
N	46	3	
N	46	1060	
N	47	3	
N	47	934	
N	48	3	
N	48	692	
N	49	3	
N	49	880	
N	50	3	
N	50	587	
N	51	3	
N	51	584	
N	52	3	
N	52	496	
N	53	3	
N	53	577	
N	54	3	
N	54	696	
N	55	3	
N	55	311	
N	56	3	
N	56	455	
N	57	3	
N	57	248	
N	58	3	
N	58	407	
N	59	3	
N	59	368	
N	60	3	
N	60	526	
N	61	3	
N	61	409	
N	62	3	
N	62	717	
N	63	3	
N	63	510	
N	64	3	
N	64	840	
N	65	3	
N	65	945	
N	66	3	
N	66	980	
N	67	3	
N	67	652	
N	68	3	
N	68	578	
N	69	3	
N	69	436	
N	70	3	
N	70	755	
N	71	3	
N	71	1057	
N	72	3	
N	72	690	
N	73	3	
N	73	653	
N	74	3	
N	74	901	
N	75	3	
N	75	894	
N	76	3	
N	76	757	
N	77	3	
N	77	672	
N	78	3	
N	78	807	
N	79	3	
N	79	365	
N	80	3	
N	80	365	
N	81	3	
N	81	255	
N	82	3	
N	82	426	
N	83	3	
N	83	396	
N	84	3	
N	84	864	
N	85	3	
N	85	442	
N	86	3	
N	86	398	
N	87	3	
N	87	463	
N	88	3	
N	88	456	
N	89	3	
N	89	996	
N	90	3	
N	90	545	
N	91	3	
N	91	857	
N	92	3	
N	92	526	
N	93	3	
N	93	557	
N	94	3	
N	94	523	
N	95	3	
N	95	507	
N	96	3	
N	96	472	
N	97	3	
N	97	447	
N	98	3	
N	98	613	
N	99	3	
N	99	689	
N	100	3	
N	100	747	
N	101	3	
N	101	899	
N	102	3	
N	102	703	
N	103	3	
N	103	843	
N	104	3	
N	104	620	
N	105	3	
N	105	961	
N	106	3	
N	106	780	
N	107	3	
N	107	923	
N	108	3	
N	108	640	
N	109	3	
N	109	814	
N	110	3	
N	110	972	
N	111	3	
N	111	1140	
N	112	3	
N	112	1061	
N	113	3	
N	113	1197	
N	114	3	
N	114	1012	
N	115	3	
N	115	1336	
N	116	3	
N	116	1159	
N	117	3	
N	117	1230	
N	118	3	
N	118	1202	
N	119	3	
N	119	988	
N	120	3	
N	120	817	
N	121	3	
N	121	909	
N	122	3	
N	122	760	
N	123	3	
N	123	1169	
N	124	3	
N	124	984	
N	125	3	
N	125	1054	
N	126	3	
N	126	1016	
N	127	3	
N	127	1043	
N	128	3	
N	128	1035	
N	129	3	
N	129	1012	
N	130	3	
N	130	1360	
N	131	3	
N	131	1282	
N	132	3	
N	132	924	
N	133	3	
N	133	1094	
N	134	3	
N	134	919	
N	135	3	
N	135	843	
N	136	3	
N	136	1268	
N	137	3	
N	137	1127	
N	138	3	
N	138	1111	
N	139	3	
N	139	1162	
N	140	3	
N	140	1218	
N	141	3	
N	141	992	
N	142	3	
N	142	1209	
N	143	3	
N	143	1308	
N	144	3	
N	144	1134	
N	145	3	
N	145	1575	
N	146	3	
N	146	1169	
N	147	3	
N	147	951	
N	148	3	
N	148	1345	
N	149	3	
N	149	1130	
N	150	3	
N	150	1334	
